20081029    7334.063
20081030    6994.261
20081031    6880.994
20081101    6880.994
20081102    6427.924
20081103    6569.509
20081104    6456.241
20081105    6654.459
20081106    6739.410
20081107    7277.430
20081108    7334.063
20081109    7390.697
20081110    6824.360
20081111    6796.043
20081112    6711.093
20081113    6682.776
20081114    6597.826
20081115    8296.837
20081116    7617.232
20081117    7135.846
20081118    6965.945
20081119    6824.360
20081120    6569.509
20081121    6909.311
20081122    6597.826
20081123    6456.241
20081124    6258.023
20081125    6739.410
20081126    6314.657
20081127    5974.855
20081128    6116.439
20081129    6144.756
20081130    7362.380
20081201    7843.767
20081202    7192.479
20081203    6484.558
20081204    6767.727
20081205    6711.093
20081206    6654.459
20081207    6796.043
20081208    6031.489
20081209    5804.954
20081210    7419.014
20081211    8041.985
20081212    8381.787
20081213    8438.421
20081214    8863.174
20081215    9231.292
20081216    9372.877
20081217    9372.877
20081218    9372.877
20081219    9797.630
20081220   10222.382
20081221   11468.323
20081222   11496.641
20081223   12006.344
20081224   12827.532
20081225   13252.285
20081226   13082.384
20081227   13393.869
20081228   14469.909
20081229   14583.177
20081230   14243.375
20081231   15149.514
20090101   15234.464
20090102   15404.365
20090103   15687.534
20090104   16310.505
20090105   17188.326
20090106   18037.832
20090107   19651.893
20090108   20416.447
20090109   20416.447
20090110   20926.150
20090111   22087.141
20090112   20359.814
20090113   20274.863
20090114   18887.338
20090115   18745.754
20090116   18094.467
20090117   17556.445
20090118   18037.832
20090119   18179.416
20090120   18660.803
20090121   17896.248
20090122   17499.812
20090123   17471.496
20090124   16820.207
20090125   16225.554
20090126   14809.712
20090127   13931.890
20090128   13478.819
20090129   12544.363
20090130   11779.809
20090131   11326.739
20090201   10448.917
20090202   10901.986
20090203   10788.719
20090204   10732.085
20090205   10279.016
20090206   10222.382
20090207   10420.600
20090208   11213.472
20090209   11638.225
20090210   12317.829
20090211   12997.434
20090212   12742.582
20090213   12459.413
20090214   12855.849
20090215   13167.334
20090216   13393.869
20090217   13082.384
20090218   13733.671
20090219   14866.345
20090220   14696.444
20090221   14639.811
20090222   15857.435
20090223   15885.752
20090224   15800.801
20090225   15857.435
20090226   15800.801
20090227   16225.554
20090228   17386.545
20090301   17839.613
20090302   16480.406
20090303   15630.900
20090304   14696.444
20090305   14045.156
20090306   13875.256
20090307   13535.453
20090308   13960.206
20090309   13790.305
20090310   13705.354
20090311   13592.087
20090312   13563.771
20090313   13280.602
20090314   13195.651
20090315   13592.087
20090316   13705.354
20090317   13846.938
20090318   13931.890
20090319   14554.859
20090320   15121.197
20090321   14894.662
20090322   15036.246
20090323   15404.365
20090324   15687.534
20090325   16338.821
20090326   16140.604
20090327   16933.475
20090328   19850.111
20090329   20076.645
20090330   18830.703
20090331   19312.090
20090401   19510.309
20090402   19255.457
20090403   19481.992
20090404   18434.268
20090405   19142.189
20090406   20558.031
20090407   20161.596
20090408   19425.357
20090409   19312.090
20090410   19736.844
20090411   20444.764
20090412   19453.674
20090413   21096.051
20090414   22030.508
20090415   20812.883
20090416   20359.814
20090417   20048.328
20090418   20416.447
20090419   21322.586
20090420   22285.359
20090421   21719.021
20090422   20982.785
20090423   21549.121
20090424   21152.686
20090425   21096.051
20090426   20558.031
20090427   20529.715
20090428   20812.883
20090429   20756.250
20090430   20331.496
20090501   20529.715
20090502   20104.963
20090503   20020.012
20090504   20416.447
20090505   20246.547
20090506   20161.596
20090507   20727.934
20090508   21124.369
20090509   21860.607
20090510   22625.162
20090511   22851.697
20090512   23899.420
20090513   24041.004
20090514   24748.926
20090515   25117.045
20090516   26391.303
20090517   27863.779
20090518   28600.016
20090519   28600.016
20090520   28883.186
20090521   29166.354
20090522   29449.521
20090523   30865.365
20090524   29449.521
20090525   30299.027
20090526   30015.859
20090527   29449.521
20090528   30299.027
20090529   31714.869
20090530   30865.365
20090531   30299.027
20090601   30015.859
20090602   30299.027
20090603   30015.859
20090604   30865.365
20090605   31148.533
20090606   28600.016
20090607   28090.312
20090608   27807.145
20090609   27212.490
20090610   26532.887
20090611   26023.184
20090612   25230.312
20090613   24239.223
20090614   24069.320
20090615   23191.498
20090616   22370.311
20090617   21152.686
20090618   20416.447
20090619   19850.111
20090620   19283.773
20090621   19028.922
20090622   18830.703
20090623   18802.387
20090624   18689.119
20090625   18179.416
20090626   18207.732
20090627   18094.467
20090628   18066.148
20090629   18377.635
20090630   18037.832
20090701   17924.564
20090702   18066.148
20090703   17867.932
20090704   17443.178
20090705   17160.010
20090706   16876.842
20090707   16395.455
20090708   15659.217
20090709   14951.296
20090710   14271.691
20090711   13818.622
20090712   13422.186
20090713   13648.721
20090714   13223.968
20090715   12855.849
20090716   12431.097
20090717   12317.829
20090718   11751.492
20090719   11270.105
20090720   10873.670
20090721   10675.452
20090722   10845.353
20090723   11128.521
20090724   11071.888
20090725   10901.986
20090726   11524.957
20090727   11270.105
20090728   11185.155
20090729   11100.204
20090730   10986.938
20090731   11156.838
20090801   10930.304
20090802   11383.373
20090803   11383.373
20090804   11694.858
20090805   11779.809
20090806   12629.314
20090807   12544.363
20090808   12940.800
20090809   12884.166
20090810   13393.869
20090811   13620.404
20090812   14016.840
20090813   13563.771
20090814   13422.186
20090815   13337.235
20090816   12912.482
20090817   12657.631
20090818   12062.978
20090819   11581.591
20090820   11015.254
20090821   10590.501
20090822   10307.333
20090823    9995.848
20090824    9882.580
20090825    9627.729
20090826    9571.095
20090827    9231.292
20090828    8976.440
20090829    9004.758
20090830    9344.560
20090831    9429.511
20090901    9514.461
20090902    9599.411
20090903    9202.976
20090904    8749.906
20090905    8495.055
20090906    8466.737
20090907    8126.936
20090908    8041.985
20090909    8551.688
20090910    8410.104
20090911    8636.639
20090912    8749.906
20090913    8948.124
20090914    8806.540
20090915    8834.856
20090916    8353.470
20090917    8664.955
20090918    8721.589
20090919    8749.906
20090920    8948.124
20090921    9316.243
20090922    9712.679
20090923    9995.848
20090924   10279.016
20090925   10590.501
20090926   10732.085
20090927   10930.304
20090928   11921.393
20090929   11723.175
20090930   11751.492
20091001   11921.393
20091002   12062.978
20091003   11779.809
20091004   11723.175
20091005   12034.660
20091006   12261.195
20091007   13054.067
20091008   13337.235
20091009   13790.305
20091010   14498.227
20091011   14158.424
20091012   13761.988
20091013   13761.988
20091014   13818.622
20091015   14526.543
20091016   16791.891
20091017   18179.416
20091018   19340.406
20091019   20359.814
20091020   21520.805
20091021   21832.289
20091022   21775.656
20091023   23644.568
20091024   23248.133
20091025   22030.508
20091026   21549.121
20091027   21379.221
20091028   20784.566
20091029   20133.279
20091030   20388.131
20091031   21605.756
20091101   21181.002
20091102   21379.221
20091103   22087.141
20091104   22823.379
20091105   23191.498
20091106   23842.785
20091107   24635.658
20091108   25003.777
20091109   24692.291
20091110   29166.354
20091111   29166.354
20091112   28316.848
20091113   26476.252
20091114   26646.154
20091115   26787.738
20091116   26193.084
20091117   28600.016
20091118   26193.084
20091119   25145.361
20091120   25173.678
20091121   24465.756
20091122   24692.291
20091123   23106.549
20091124   22200.408
20091125   23021.598
20091126   22426.943
20091127   21294.270
20091128   20331.496
20091129   20104.963
20091130   20812.883
20091201   20020.012
20091202   21039.418
20091203   20331.496
20091204   19170.506
20091205   18604.170
20091206   16905.158
20091207   16197.237
20091208   15999.020
20091209   16735.258
20091210   16112.286
20091211   15489.315
20091212   15800.801
20091213   16253.871
20091214   16168.920
20091215   17358.229
20091216   17952.881
20091217   18151.100
20091218   20303.180
20091219   20756.250
20091220   20161.596
20091221   19850.111
20091222   19906.744
20091223   19935.061
20091224   20444.764
20091225   22540.211
20091226   20699.615
20091227   21803.973
20091228   21549.121
20091229   21265.953
20091230   21265.953
20091231   22795.062
20100101   24012.688
20100102   23729.520
20100103   24295.855
20100104   25909.916
20100105   26023.184
20100106   24324.172
20100107   25683.381
20100108   27778.828
20100109   27807.145
20100110   27014.273
20100111   24437.439
20100112   24692.291
20100113   22681.795
20100114   20756.250
20100115   18972.289
20100116   18349.318
20100117   18915.654
20100118   16706.939
20100119   15914.068
20100120   14838.028
20100121   14781.395
20100122   14639.811
20100123   13733.671
20100124   14866.345
20100125   15659.217
20100126   15347.731
20100127   15177.830
20100128   16055.652
20100129   16876.842
20100130   20784.566
20100131   20444.764
20100201   20897.834
20100202   23276.449
20100203   22993.281
20100204   23871.104
20100205   26759.422
20100206   27608.928
20100207   27014.273
20100208   25003.777
20100209   29732.689
20100210   29449.521
20100211   28118.631
20100212   30582.195
20100213   29449.521
20100214   27580.609
20100215   31714.869
20100216   30582.195
20100217   30299.027
20100218   27977.045
20100219   27977.045
20100220   26985.957
20100221   26136.451
20100222   28231.896
20100223   28883.186
20100224   28883.186
20100225   26221.400
20100226   24437.439
20100227   25881.600
20100228   22880.014
20100301   22030.508
20100302   24069.320
20100303   22880.014
20100304   21520.805
20100305   21577.438
20100306   20642.982
20100307   19623.576
20100308   18660.803
20100309   17698.029
20100310   17131.693
20100311   16990.109
20100312   17924.564
20100313   17018.426
20100314   16083.970
20100315   16027.336
20100316   15772.484
20100317   15517.633
20100318   15404.365
20100319   14838.028
20100320   15064.563
20100321   18009.516
20100322   18236.051
20100323   17103.377
20100324   17754.664
20100325   19198.822
20100326   20671.299
20100327   18632.486
20100328   21973.875
20100329   22568.527
20100330   20926.150
20100331   21492.488
20100401   21832.289
20100402   21888.924
20100403   23333.082
20100404   23219.814
20100405   23559.617
20100406   23616.252
20100407   23502.984
20100408   25938.232
20100409   24522.391
20100410   23842.785
20100411   24097.637
20100412   23757.836
20100413   23248.133
20100414   23106.549
20100415   22625.162
20100416   22483.578
20100417   21917.240
20100418   22285.359
20100419   21973.875
20100420   20982.785
20100421   19708.525
20100422   18405.951
20100423   17443.178
20100424   16848.525
20100425   17244.961
20100426   16621.990
20100427   15687.534
20100428   14356.642
20100429   13761.988
20100430   13507.137
20100501   13110.700
20100502   13280.602
20100503   12997.434
20100504   13365.553
20100505   13790.305
20100506   14186.741
20100507   15064.563
20100508   16820.207
20100509   17216.645
20100510   17981.199
20100511   18575.852
20100512   18604.170
20100513   18972.289
20100514   19425.357
20100515   20416.447
20100516   20926.150
20100517   21350.904
20100518   21775.656
20100519   21973.875
20100520   22002.191
20100521   22625.162
20100522   23049.914
20100523   23587.934
20100524   24663.975
20100525   24692.291
20100526   24862.193
20100527   24862.193
20100528   24862.193
20100529   24125.955
20100530   24267.539
20100531   24182.588
20100601   23333.082
20100602   23587.934
20100603   23219.814
20100604   23049.914
20100605   22880.014
20100606   23021.598
20100607   22511.895
20100608   21605.756
20100609   20642.982
20100610   19850.111
20100611   18660.803
20100612   17754.664
20100613   17358.229
20100614   16990.109
20100615   16537.039
20100616   16197.237
20100617   15857.435
20100618   15942.386
20100619   15914.068
20100620   15630.900
20100621   15772.484
20100622   15715.851
20100623   15715.851
20100624   15772.484
20100625   15942.386
20100626   16225.554
20100627   16225.554
20100628   16678.623
20100629   16480.406
20100630   16735.258
20100701   16820.207
20100702   16621.990
20100703   16310.505
20100704   16480.406
20100705   16565.355
20100706   16565.355
20100707   16508.723
20100708   16706.939
20100709   16905.158
20100710   17244.961
20100711   17244.961
20100712   16961.791
20100713   16848.525
20100714   16735.258
20100715   17046.742
20100716   16282.188
20100717   15857.435
20100718   16253.871
20100719   15942.386
20100720   15715.851
20100721   15432.683
20100722   15460.999
20100723   15857.435
20100724   16565.355
20100725   15772.484
20100726   15347.731
20100727   15319.415
20100728   14809.712
20100729   15602.583
20100730   15659.217
20100731   15432.683
20100801   14894.662
20100802   14838.028
20100803   14639.811
20100804   15121.197
20100805   15177.830
20100806   14611.493
20100807   14611.493
20100808   14668.127
20100809   14441.593
20100810   13988.522
20100811   14271.691
20100812   14781.395
20100813   14611.493
20100814   13648.721
20100815   14016.840
20100816   14130.107
20100817   13705.354
20100818   13422.186
20100819   13733.671
20100820   13478.819
20100821   14951.296
20100822   15772.484
20100823   15036.246
20100824   15092.880
20100825   14158.424
20100826   13167.334
20100827   12006.344
20100828   11921.393
20100829   12034.660
20100830   12091.294
20100831   12232.878
20100901   12062.978
20100902   11893.076
20100903   11864.760
20100904   11836.442
20100905   11440.007
20100906   11043.570
20100907   11043.570
20100908   10533.867
20100909   10363.967
20100910   10222.382
20100911   10279.016
20100912   10392.283
20100913    9740.996
20100914    9712.679
20100915    9684.362
20100916    9656.045
20100917    9174.659
20100918    8976.440
20100919    8806.540
20100920    8608.322
20100921    8381.787
20100922    8410.104
20100923    8296.837
20100924    8636.639
20100925    8863.174
20100926    9089.708
20100927    9372.877
20100928    9033.074
20100929    8948.124
20100930    9712.679
20101001    9684.362
20101002    9599.411
20101003   10137.432
20101004   10080.798
20101005   10222.382
20101006   10109.114
20101007   10080.798
20101008   10477.233
20101009   10137.432
20101010   10562.185
20101011   10533.867
20101012   11440.007
20101013   11496.641
20101014   11270.105
20101015   10533.867
20101016   10392.283
20101017    9684.362
20101018    9457.827
20101019    9429.511
20101020    9825.946
20101021    9033.074
20101022    9004.758
20101023    8749.906
20101024    8749.906
20101025    8410.104
20101026    8268.520
20101027    8353.470
20101028    9202.976
20101029    8891.490
20101030    8240.203
20101031    8070.302
20101101    7419.014
20101102    7107.529
20101103    6852.677
20101104    7787.133
20101105    8211.886
20101106    7702.183
20101107    7022.578
20101108    6739.410
20101109    6682.776
20101110    6484.558
20101111    6286.340
20101112    6286.340
20101113    6031.489
20101114    6427.924
20101115    5748.320
20101116    6965.945
20101117    6569.509
20101118    7447.331
20101119    6965.945
20101120    6399.607
20101121    5974.855
20101122    5918.221
20101123    6031.489
20101124    6031.489
20101125    5776.637
20101126    7532.282
20101127    7419.014
20101128    7107.529
20101129    6880.994
20101130    8466.737
20101201    8580.005
20101202    7957.034
20101203    8183.569
20101204    8466.737
20101205    9797.630
20101206   10137.432
20101207    9939.214
20101208   10165.748
20101209    9967.530
20101210   10279.016
20101211   10817.036
20101212   13280.602
20101213   13223.968
20101214   12544.363
20101215   12289.512
20101216   13110.700
20101217   13252.285
20101218   13054.067
20101219   12147.928
20101220   10986.938
20101221   10533.867
20101222   10675.452
20101223   10137.432
20101224    9542.777
20101225   10194.065
20101226   10392.283
20101227    9146.342
20101228    8211.886
20101229    7503.965
20101230    7787.133
20101231    7334.063
20110101    8410.104
20110102    8834.856
20110103    8126.936
20110104    8098.619
20110105    7758.816
20110106    8268.520
20110107    7673.866
20110108    7843.767
20110109    6088.123
20110110    8381.787
20110111    9061.392
20110112    9769.312
20110113    9684.362
20110114   10080.798
20110115   10703.769
20110116   11043.570
20110117   10562.185
20110118   10986.938
20110119   11213.472
20110120   11241.789
20110121   11043.570
20110122   10194.065
20110123    8976.440
20110124    8211.886
20110125    8608.322
20110126    8608.322
20110127    7843.767
20110128    8268.520
20110129    7872.083
20110130    7928.717
20110131    7617.232
20110201    7532.282
20110202    9061.392
20110203    8183.569
20110204    8495.055
20110205    8580.005
20110206    7645.549
20110207    8919.807
20110208    8126.936
20110209    8438.421
20110210    9174.659
20110211    8919.807
20110212    8976.440
20110213    9202.976
20110214    9457.827
20110215    9571.095
20110216    9656.045
20110217    9684.362
20110218    9656.045
20110219    9542.777
20110220    9429.511
20110221    9514.461
20110222    9033.074
20110223    8551.688
20110224    7617.232
20110225    8325.153
20110226    7985.351
20110227    8240.203
20110228    9684.362
20110301   11355.056
20110302   11978.026
20110303   13025.750
20110304   14215.058
20110305   15574.267
20110306   16763.574
20110307   16083.970
20110308   15574.267
20110309   18462.584
20110310   20473.082
20110311   19255.457
20110312   19453.674
20110313   22795.062
20110314   24239.223
20110315   25286.945
20110316   25003.777
20110317   24663.975
20110318   25088.727
20110319   26164.768
20110320   25456.846
20110321   25740.016
20110322   25456.846
20110323   26306.352
20110324   27552.293
20110325   26447.936
20110326   26589.520
20110327   27014.273
20110328   28600.016
20110329   27155.857
20110401   27495.660
20110402   28260.215
20110403   27750.512
20110404   28146.947
20110405   30015.859
20110406   26787.738
20110407   25768.332
20110408   25371.896
20110409   25315.262
20110410   24409.123
20110411   24409.123
20110412   25145.361
20110413   22115.459
20110414   20812.883
20110415   21039.418
20110416   21945.557
20110417   19453.674
20110418   18915.654
20110419   18689.119
20110420   18887.338
20110421   19255.457
20110422   19283.773
20110423   19425.357
20110424   19793.477
20110425   19680.209
20110426   20246.547
20110427   21181.002
20110428   23899.420
20110429   22200.408
20110430   22257.043
20110504   27977.045
20110505   27778.828
20110506   29166.354
20110507   29166.354
20110508   30299.027
20110509   31431.701
20110510   31998.039
20110511   31714.869
20110512   32564.375
20110513   31714.869
20110514   34829.723
20110515   34829.723
20110516   34263.387
20110517   33980.219
20110518   31998.039
20110519   31431.701
20110520   31431.701
20110521   31431.701
20110522   31148.533
20110523   31148.533
20110524   30865.365
20110525   30582.195
20110526   31148.533
20110527   31998.039
20110528   31431.701
20110529   30865.365
20110530   30865.365
20110531   30865.365
20110601   31714.869
20110602   30865.365
20110603   30582.195
20110604   30865.365
20110605   30865.365
20110606   30015.859
20110607   29732.689
20110608   29449.521
20110609   29166.354
20110610   28883.186
20110611   28883.186
20110612   28883.186
20110613   28600.016
20110614   28090.312
20110615   28033.680
20110616   27297.441
20110617   26759.422
20110618   26079.816
20110619   25513.480
20110620   24862.193
20110621   24380.807
20110622   24012.688
20110623   23701.201
20110624   22398.627
20110625   21520.805
20110626   20756.250
20110627   20048.328
20110628   19736.844
20110629   19227.141
20110630   18802.387
20110701   18915.654
20110702   18717.436
20110703   18377.635
20110704   18207.732
20110705   18434.268
20110706   18575.852
20110707   18575.852
20110708   18547.535
20110709   18434.268
20110710   18490.902
20110711   18604.170
20110712   18774.070
20110713   18774.070
20110714   18660.803
20110715   18434.268
20110716   18349.318
20110717   18037.832
20110718   17924.564
20110719   17499.812
20110720   17216.645
20110721   17329.910
20110722   17188.326
20110723   16565.355
20110724   16565.355
20110725   16112.286
20110726   15800.801
20110727   15347.731
20110728   14866.345
20110729   14696.444
20110730   14045.156
20110731   14186.741
20110801   13677.037
20110802   13393.869
20110803   13110.700
20110804   12572.681
20110805   12884.166
20110806   12487.729
20110807   12232.878
20110808   12204.562
20110809   12147.928
20110810   11751.492
20110811   11836.442
20110812   11723.175
20110813   11609.907
20110814   11808.126
20110815   11666.541
20110816   11496.641
20110817   11666.541
20110818   11270.105
20110819   11326.739
20110820   11270.105
20110821   10930.304
20110822   11043.570
20110823   10618.818
20110824   10647.135
20110825   10392.283
20110826   10703.769
20110827   10817.036
20110828   10363.967
20110829    9995.848
20110830   10052.481
20110831    9967.530
20110901    9514.461
20110902    9627.729
20110903    9854.263
20110904   10448.917
20110905   11978.026
20110906   11609.907
20110907   10817.036
20110908   10307.333
20110909   10109.114
20110910   10052.481
20110911    9316.243
20110912    9061.392
20110913    9118.025
20110914    8948.124
20110915    9542.777
20110916    9316.243
20110917    9174.659
20110918    9174.659
20110919    9118.025
20110920    9316.243
20110921    9287.926
20110922    8919.807
20110923    9118.025
20110924    8834.856
20110925    8381.787
20110926    8183.569
20110927    7815.450
20110928    7787.133
20110929    8126.936
20110930    8296.837
20111001    8211.886
20111002    8183.569
20111003    8183.569
20111004    8296.837
20111005    7957.034
20111006    7900.400
20111007    7957.034
20111008    8041.985
20111014    7702.183
20111015    7645.549
20111016    7390.697
20111017    7135.846
20111018    7192.479
20111019    8155.252
20111020    7277.430
20111021    6824.360
20111022    6342.974
20111023    6003.172
20111024    6088.123
20111025    6059.806
20111026    6088.123
20111027    5974.855
20111028    7050.895
20111029    7305.747
20111030    6626.143
20111031    7305.747
20111101    6880.994
20111102    6880.994
20111103    7560.599
20111104    7673.866
20111105    7249.113
20111106    6824.360
20111107    7050.895
20111108    7050.895
20111109    7815.450
20111110    8664.955
20111111    7758.816
20111112    7588.915
20111113    7475.648
20111114    7305.747
20111115    7079.212
20111116    7277.430
20111117    8155.252
20111118    7192.479
20111119    6994.261
20111120    6965.945
20111121    6937.628
20111122    6965.945
20111123    8240.203
20111124    8211.886
20111125    8863.174
20111126    9684.362
20111127   12232.878
20111128   13280.602
20111129   13648.721
20111130   13931.890
20111201   14158.424
20111202   15064.563
20111203   14639.811
20111204   14979.612
20111205   15574.267
20111206   17613.080
20111207   18689.119
20111208   18405.951
20111209   19566.941
20111210   20529.715
20111211   21265.953
20111212   21775.656
20111213   22313.676
20111214   22313.676
20111215   22115.459
20111216   22766.746
20111217   24295.855
20111218   23531.301
20111219   22681.795
20111220   22596.844
20111221   22710.111
20111222   23814.469
20111223   25371.896
20111224   24607.342
20111225   24890.510
20111226   24465.756
20111227   26844.371
20111228   24210.904
20111229   23984.371
20111230   24012.688
20111231   23531.301
20120101   24352.490
20120102   24862.193
20120103   23106.549
20120104   21435.854
20120105   21747.340
20120106   20784.566
20120107   20841.199
20120108   20558.031
20120109   20076.645
20120110   19821.793
20120111   20926.150
20120112   20784.566
20120113   19340.406
20120114   17981.199
20120115   17103.377
20120116   15942.386
20120117   15347.731
20120118   15460.999
20120119   14328.325
20120120   14016.840
20120121   13931.890
20120122   13308.919
20120123   13620.404
20120124   13280.602
20120125   12940.800
20120126   14045.156
20120127   14753.078
20120128   15092.880
20120129   15347.731
20120130   15659.217
20120131   16395.455
20120201   17329.910
20120202   18094.467
20120203   18094.467
20120204   19510.309
20120205   21152.686
20120206   21379.221
20120207   21888.924
20120208   22908.330
20120209   22511.895
20120210   23106.549
20120211   24125.955
20120212   23304.766
20120213   21945.557
20120214   23587.934
20120215   21945.557
20120216   22964.963
20120217   22511.895
20120218   20897.834
20120219   22172.092
20120220   19397.041
20120221   18604.170
20120222   17669.713
20120223   16621.990
20120224   16565.355
20120225   15659.217
20120226   14866.345
20120227   14384.959
20120228   13705.354
20120229   13337.235
20120301   12912.482
20120302   12685.948
20120303   12969.116
20120304   12940.800
20120305   12204.562
20120306   11440.007
20120307   11298.422
20120308   11241.789
20120309   11723.175
20120310   11864.760
20120311   12176.245
20120312   12969.116
20120313   14328.325
20120314   15149.514
20120315   16027.336
20120316   17018.426
20120317   17952.881
20120318   18349.318
20120319   18745.754
20120320   18887.338
20120321   20104.963
20120322   20841.199
20120323   20331.496
20120324   20926.150
20120325   20444.764
20120326   20444.764
20120327   20444.764
20120328   20558.031
20120329   21011.102
20120330   21322.586
20120331   21152.686
20120401   20642.982
20120402   20529.715
20120403   20303.180
20120404   21067.734
20120405   21435.854
20120406   21549.121
20120407   19935.061
20120408   19736.844
20120409   19397.041
20120410   18264.367
20120411   18122.783
20120412   16961.791
20120413   16310.505
20120414   15545.949
20120415   14894.662
20120416   14611.493
20120417   14356.642
20120418   14356.642
20120419   13308.919
20120420   12799.215
20120421   13110.700
20120422   13110.700
20120423   12799.215
20120424   11864.760
20120425   11666.541
20120426   11921.393
20120427   11723.175
20120428   11609.907
20120429   11524.957
20120430   11298.422
20120501   10703.769
20120502   10533.867
20120503   10420.600
20120504   10335.649
20120505   10194.065
20120506    9797.630
20120507    9769.312
20120508   10137.432
20120509   11241.789
20120510   10986.938
20120511   11241.789
20120512   11694.858
20120513   12147.928
20120514   12374.463
20120515   12487.729
20120516   12940.800
20120517   12997.434
20120518   13139.018
20120519   13308.919
20120520   13337.235
20120521   13450.503
20120522   13393.869
20120523   12969.116
20120524   12629.314
20120525   12544.363
20120526   12006.344
20120527   12062.978
20120528   11978.026
20120529   11808.126
20120530   11100.204
20120531   10647.135
20120601   10647.135
20120602    9287.926
20120603    8523.371
20120604    8013.668
20120605    7645.549
20120606    7249.113
20120607    7050.895
20120608    6371.291
20120609    6286.340
20120610    7050.895
20120611    6484.558
20120612    6965.945
20120613    7164.163
20120614    7305.747
20120615    6909.311
20120616    6597.826
20120617    7107.529
20120618    6767.727
20120619    6682.776
20120620    6456.241
20120621    6484.558
20120622    6512.875
20120623    6512.875
20120624    6824.360
20120625    6824.360
20120626    6994.261
20120627    6569.509
20120628    6711.093
20120629    6569.509
20120630    6229.707
20120701    6258.023
20120702    6342.974
20120703    6088.123
20120704    5720.003
20120705    5521.785
20120706    5720.003
20120707    5295.250
20120708    5578.419
20120709    5097.033
20120710    5550.102
20120711    5663.370
20120712    5550.102
20120713    5889.904
20120714    5861.587
20120715    5776.637
20120716    5889.904
20120717    5974.855
20120718    5974.855
20120719    5918.221
20120720    6427.924
20120721    5804.954
20120722    5776.637
20120723    5606.736
20120724    5804.954
20120725    5635.053
20120726    5436.835
20120727    5295.250
20120728    5181.983
20120729    5012.082
20120730    5068.716
20120731    5181.983
20120801    4813.864
20120802    4813.864
20120803    5040.399
20120804    5776.637
20120805    6399.607
20120806    6512.875
20120807    6852.677
20120808    7050.895
20120809    6909.311
20120810    6541.192
20120811    6796.043
20120812    6654.459
20120813    6399.607
20120814    6229.707
20120815    6229.707
20120816    6116.439
20120817    6201.390
20120818    5861.587
20120819    6314.657
20120820    6286.340
20120821    6399.607
20120822    6088.123
20120823    5861.587
20120824    5720.003
20120825    5465.152
20120826    5578.419
20120827    6427.924
20120828    2030.318
20120829    6994.261
20120830    9486.145
20120831    7079.212
20120901    6626.143
20120902    6059.806
20120903    4728.914
20120904    4559.013
20120905    5578.419
20120906    5210.300
20120907    5012.082
20120908    5465.152
20120909    5550.102
20120910    5266.934
20120911    5351.884
20120912    5068.716
20120913    5436.835
20120914    5323.567
20120915    5606.736
20120916    5153.667
20120917    5210.300
20120918    5833.271
20120919    5465.152
20120920    5436.835
20120921    4983.765
20120922    5323.567
20120923    5125.350
20120924    4927.131
20120925    4643.963
20120926    4615.646
20120927    4502.379
20120928    4615.646
20120929    4898.815
20120930    4700.597
20121001    6654.459
20121002    5804.954
20121003    5635.053
20121004    6173.073
20121005    6059.806
20121006    5918.221
20121007    6767.727
20121008    6484.558
20121009    6258.023
20121010    5833.271
20121011    5521.785
20121012    5125.350
20121013    4898.815
20121014    4672.280
20121015    4813.864
20121016    4643.963
20121017    4813.864
20121018    5153.667
20121019    5635.053
20121020    5068.716
20121021    4955.448
20121022    4870.498
20121023    4672.280
20121024    4672.280
20121025    4842.181
20121026    5153.667
20121027    6371.291
20121028    6116.439
20121029    5946.538
20121030    5323.567
20121031    4785.547
20121101    4643.963
20121102    4643.963
20121103    4728.914
20121104    4700.597
20121105    4728.914
20121106    5635.053
20121107    5804.954
20121108    5125.350
20121109    5068.716
20121110    4870.498
20121111    4898.815
20121112    6824.360
20121113    7079.212
20121114    7305.747
20121115    6824.360
20121116    6626.143
20121117    6314.657
20121118    6059.806
20121119    5635.053
20121120    5578.419
20121121    5181.983
20121122    5153.667
20121123    5210.300
20121124    5380.201
20121125    5068.716
20121126    5153.667
20121127    5550.102
20121128    5776.637
20121129    5238.617
20121130    5097.033
20121201    4983.765
20121202    4927.131
20121203    4445.745
20121204    4587.330
20121205    4785.547
20121206    4304.161
20121207    4020.992
20121208    4134.260
20121209    4275.844
20121210    4898.815
20121211    5210.300
20121212    5635.053
20121213    5068.716
20121214    5012.082
20121215    5097.033
20121216    5181.983
20121217    5550.102
20121218    6286.340
20121219    6512.875
20121220    8466.737
20121221    9202.976
20121222    8749.906
20121223    8749.906
20121224    9316.243
20121225    9259.609
20121226   11071.888
20121227   10109.114
20121228   10279.016
20121229   11893.076
20121230   10930.304
20121231   10817.036
20130101   11921.393
20130102   13252.285
20130103   14073.474
20130104   13535.453
20130105   13139.018
20130106   13960.206
20130107   14073.474
20130108   13705.354
20130109   13535.453
20130110   13535.453
20130111   13875.256
20130112   13818.622
20130113   13846.938
20130114   15121.197
20130115   14724.761
20130116   14611.493
20130117   15460.999
20130118   15036.246
20130119   15999.020
20130120   17358.229
20130121   18745.754
20130122   19595.260
20130123   20161.596
20130124   20756.250
20130125   21265.953
20130126   21832.289
20130127   21634.072
20130128   21549.121
20130129   21549.121
20130130   23191.498
20130131   22936.646
20130201   21803.973
20130202   21011.102
20130203   21124.369
20130204   19821.793
20130205   19057.238
20130206   18037.832
20130207   18094.467
20130208   18094.467
20130209   17103.377
20130210   16990.109
20130211   17924.564
20130212   19000.605
20130213   20642.982
20130214   20558.031
20130215   20954.467
20130216   22058.824
20130217   20416.447
20130218   19850.111
20130219   20756.250
20130220   18859.021
20130221   18037.832
20130222   18151.100
20130223   18349.318
20130224   17443.178
20130225   16678.623
20130226   17924.564
20130227   16621.990
20130228   16621.990
20130301   16112.286
20130302   15659.217
20130303   15149.514
20130304   13931.890
20130305   14101.790
20130306   13960.206
20130307   13110.700
20130308   12884.166
20130309   12657.631
20130310   12629.314
20130311   13733.671
20130312   13705.354
20130313   13903.572
20130314   13535.453
20130315   13478.819
20130316   13761.988
20130317   13790.305
20130318   14328.325
20130319   15007.930
20130320   16253.871
20130321   16168.920
20130322   16848.525
20130323   17698.029
20130324   20048.328
20130325   20671.299
20130326   20614.666
20130327   20076.645
20130328   20076.645
20130329   20359.814
20130330   20926.150
20130331   20784.566
20130401   20727.934
20130402   19906.744
20130403   19651.893
20130404   20473.082
20130405   19708.525
20130406   17867.932
20130407   17046.742
20130408   16310.505
20130409   15347.731
20130410   14753.078
20130411   14838.028
20130412   14441.593
20130413   13790.305
20130414   14215.058
20130415   14384.959
20130416   14073.474
20130417   14215.058
20130418   14271.691
20130419   15574.267
20130420   14809.712
20130421   15404.365
20130422   16282.188
20130423   16763.574
20130424   18377.635
20130425   19425.357
20130426   19170.506
20130427   19878.428
20130428   20558.031
20130429   20812.883
20130430   21181.002
20130501   21662.389
20130502   22710.111
20130503   24607.342
20130504   24409.123
20130505   25541.797
20130506   25286.945
20130507   24975.459
20130508   25117.045
20130509   24947.143
20130510   26023.184
20130511   26136.451
20130512   26929.322
20130513   26362.986
20130514   25711.697
20130515   25881.600
20130516   26079.816
20130517   25768.332
20130518   25966.549
20130519   25994.867
20130520   25796.648
20130521   25909.916
20130522   27042.590
20130523   26929.322
20130524   26957.639
20130525   26249.719
20130530   24918.826
20130531   24550.707
20130601   24041.004
20130602   24380.807
20130603   23701.201
20130604   23078.230
20130605   22087.141
20130606   22172.092
20130607   21860.607
20130608   20784.566
20130609   20671.299
20130610   20558.031
20130611   20614.666
20130612   20926.150
20130613   21690.705
20130614   22228.727
20130615   21152.686
20130616   21775.656
20130617   21662.389
20130618   22398.627
20130619   22511.895
20130620   22370.311
20130621   22200.408
20130622   21973.875
20130623   21549.121
20130624   21662.389
20130625   21237.637
20130626   21209.318
20130627   21237.637
20130628   21464.170
20130629   21379.221
20130630   20869.518
20130701   20218.229
20130702   19340.406
20130703   18519.219
20130704   18151.100
20130705   17329.910
20130706   16933.475
20130707   16452.088
20130708   16055.652
20130709   15715.851
20130710   15602.583
20130711   15914.068
20130712   15772.484
20130713   15744.167
20130714   15602.583
20130715   16112.286
20130716   16282.188
20130717   16621.990
20130718   17075.059
20130719   17216.645
20130720   17556.445
20130721   17952.881
20130722   17952.881
20130723   18264.367
20130724   18405.951
20130725   18462.584
20130726   18009.516
20130727   17669.713
20130728   17528.129
20130729   16565.355
20130730   15800.801
20130731   15007.930
20130801   14583.177
20130802   13988.522
20130803   14130.107
20130804   13790.305
20130805   13252.285
20130806   12516.047
20130807   12006.344
20130808   10930.304
20130809   10222.382
20130810    9740.996
20130811    9401.193
20130812    9146.342
20130813    9599.411
20130814    9542.777
20130815    9316.243
20130816    9429.511
20130817    9854.263
20130818   11071.888
20130819   11723.175
20130820   12289.512
20130821   13139.018
20130822   13082.384
20130823   13054.067
20130824   12969.116
20130825   13082.384
20130826   12544.363
20130827   12034.660
20130828   11638.225
20130829   11043.570
20130830   10703.769
20130831   10279.016
20130901    9967.530
20130902    9882.580
20130903    9174.659
20130904    8806.540
20130905    8495.055
20130906    8211.886
20130907    8155.252
20130908    7758.816
20130909    7588.915
20130910    7390.697
20130911    7503.965
20130912    7532.282
20130913    7277.430
20130914    7079.212
20130915    6880.994
20130916    6512.875
20130917    6484.558
20130918    5691.687
20130919    5974.855
20130920    6088.123
20130921    6512.875
20130922    6201.390
20130923    6003.172
20130924    5776.637
20130925    6031.489
20130926    6116.439
20130927    5804.954
20130928    5606.736
20130929    5974.855
20130930    5578.419
20131001    5776.637
20131002    5748.320
20131003    5748.320
20131004    5974.855
20131005    5861.587
20131006    6682.776
20131007    7107.529
20131008    6371.291
20131009    6144.756
20131010    5861.587
20131011    5889.904
20131012    5833.271
20131013    5833.271
20131014    5861.587
20131015    6597.826
20131016    7220.796
20131017    7985.351
20131018    7787.133
20131019    7900.400
20131020    7334.063
20131021    6739.410
20131022    6767.727
20131023    6937.628
20131024    6088.123
20131025    5974.855
20131026    5606.736
20131027    5266.934
20131028    5181.983
20131029    5125.350
20131030    4927.131
20131031    4445.745
20131101    5493.469
20131102    6371.291
20131103    6229.707
20131104    6541.192
20131105    6342.974
20131106    6909.311
20131107    8041.985
20131108    7050.895
20131109    6824.360
20131110    6739.410
20131111    6654.459
20131112    7503.965
20131113    7419.014
20131114    7362.380
20131115    7447.331
20131116    7079.212
20131117    6937.628
20131118    7164.163
20131119    7220.796
20131120    7050.895
20131121    7022.578
20131122    6824.360
20131123    6965.945
20131124    6824.360
20131125    6654.459
20131126    8438.421
20131127    9627.729
20131128    9684.362
20131129   10024.164
20131130   10448.917
20131201   10817.036
20131202   10250.699
20131203   10420.600
20131204    9825.946
20131205    9287.926
20131206    9372.877
20131207    9740.996
20131208    8948.124
20131209    9401.193
20131210   10024.164
20131211    9740.996
20131212    9486.145
20131213    9316.243
20131214    9571.095
20131215   10194.065
20131216    9740.996
20131217   10533.867
20131218   11440.007
20131219   12261.195
20131220   12997.434
20131221   13507.137
20131222   15376.049
20131223   16990.109
20131224   16820.207
20131225   16933.475
20131226   17499.812
20131227   17698.029
20131228   18547.535
20131229   18830.703
20131230   19198.822
20131231   20104.963
20140101   19736.844
20140102   21237.637
20140103   20642.982
20140104   20529.715
20140105   20954.467
20140106   22398.627
20140107   21011.102
20140108   20076.645
20140109   20133.279
20140110   19651.893
20140111   20642.982
20140112   19453.674
20140113   18604.170
20140114   18547.535
20140115   18575.852
20140116   16537.039
20140117   17188.326
20140118   15857.435
20140119   15914.068
20140120   15064.563
20140121   16225.554
20140122   15460.999
20140123   15177.830
20140124   15857.435
20140125   16197.237
20140126   15602.583
20140127   16593.674
20140128   16537.039
20140129   15687.534
20140130   14668.127
20140131   13648.721
20140201   12742.582
20140202   12091.294
20140203   12572.681
20140204   11015.254
20140205   11779.809
20140206   11128.521
20140207   10788.719
20140208   10901.986
20140209   11043.570
20140210   11468.323
20140211   11836.442
20140212   13308.919
20140213   13620.404
20140214   13677.037
20140215   14781.395
20140216   14951.296
20140217   15404.365
20140218   15857.435
20140219   15942.386
20140220   15460.999
20140221   16140.604
20140222   14809.712
20140223   14498.227
20140224   14215.058
20140225   13592.087
20140226   13846.938
20140227   13110.700
20140228   12346.146
20140301   12629.314
20140302   12940.800
20140303   14866.345
20140304   15234.464
20140305   15545.949
20140306   17018.426
20140307   17160.010
20140308   17244.961
20140309   18066.148
20140310   17839.613
20140311   17698.029
20140312   18405.951
20140313   17358.229
20140314   16537.039
20140315   16140.604
20140316   16282.188
20140317   16565.355
20140318   15574.267
20140319   15036.246
20140320   14951.296
20140321   14979.612
20140322   14894.662
20140323   15092.880
20140324   14979.612
20140325   15545.949
20140326   14328.325
20140327   14045.156
20140328   13677.037
20140329   15206.147
20140330   14781.395
20140331   14469.909
20140401   14583.177
20140402   15517.633
20140403   15291.098
20140404   15064.563
20140405   14611.493
20140406   14158.424
20140407   14894.662
20140408   15460.999
20140409   16027.336
20140410   15857.435
20140411   17018.426
20140412   18859.021
20140413   18830.703
20140414   19595.260
20140415   21917.240
20140416   21067.734
20140417   21747.340
20140418   22710.111
20140419   23276.449
20140420   23049.914
20140421   23134.865
20140422   23616.252
20140423   23474.666
20140424   22823.379
20140425   22823.379
20140426   21860.607
20140427   20727.934
20140428   20303.180
20140429   19142.189
20140430   19453.674
20140501   18377.635
20140502   17641.396
20140503   16706.939
20140504   15914.068
20140505   15234.464
20140506   15121.197
20140507   15517.633
20140508   15800.801
20140509   16537.039
20140510   17499.812
20140511   17867.932
20140512   18122.783
20140513   18575.852
20140514   19481.992
20140515   19765.160
20140516   18774.070
20140517   18519.219
20140518   18122.783
20140519   17782.980
20140520   17556.445
20140521   17131.693
20140522   16876.842
20140523   16961.791
20140524   16848.525
20140525   16905.158
20140526   16933.475
20140527   17188.326
20140528   18037.832
20140529   18207.732
20140530   18377.635
20140531   18604.170
20140601   18462.584
20140602   18292.684
20140603   18151.100
20140604   17613.080
20140605   17018.426
20140606   16706.939
20140607   16197.237
20140608   15630.900
20140609   15177.830
20140610   15064.563
20140611   15007.930
20140612   14951.296
20140613   15347.731
20140614   15319.415
20140615   15630.900
20140616   16112.286
20140617   16537.039
20140618   16565.355
20140619   16905.158
20140620   17584.762
20140621   17952.881
20140622   17981.199
20140623   17867.932
20140624   17811.297
20140625   17584.762
20140626   16791.891
20140627   16508.723
20140628   15999.020
20140629   15460.999
20140630   14809.712
20140701   14809.712
20140702   14696.444
20140703   14328.325
20140704   14158.424
20140705   14328.325
20140706   14384.959
20140707   14498.227
20140708   14696.444
20140709   15262.781
20140710   15177.830
20140711   15177.830
20140712   15319.415
20140713   15121.197
20140714   14866.345
20140715   14979.612
20140716   14894.662
20140717   14300.008
20140718   14554.859
20140719   14300.008
20140720   14639.811
20140721   14838.028
20140722   14781.395
20140723   14639.811
20140724   14668.127
20140725   14979.612
20140726   14866.345
20140727   14356.642
20140728   14922.979
20140729   14243.375
20140730   13846.938
20140731   13110.700
20140801   13082.384
20140802   13110.700
20140803   13082.384
20140804   12006.344
20140805   11921.393
20140806   11751.492
20140807   11128.521
20140808   11043.570
20140809   11071.888
20140810   10817.036
20140811   10165.748
20140812    9797.630
20140813    9514.461
20140814    8863.174
20140815    8948.124
20140816    8580.005
20140817    8806.540
20140818    8495.055
20140819    8863.174
20140820    8183.569
20140821    8126.936
20140822    7758.816
20140823    8041.985
20140824    7957.034
20140825    7645.549
20140826    7985.351
20140827    8353.470
20140828    8211.886
20140829    8098.619
20140830    8523.371
20140831    8693.272
20140901    8721.589
20140902    8863.174
20140903    9061.392
20140904    9174.659
20140905    9316.243
20140906    9316.243
20140907    9061.392
20140908    8608.322
20140909    8778.223
20140910    8891.490
20140911    8580.005
20140912    8664.955
20140913    9089.708
20140914    8891.490
20140915    8976.440
20140916    9514.461
20140917    9202.976
20140918    9316.243
20140919    9429.511
20140920   10024.164
20140921   10590.501
20140922   11440.007
20140923   11015.254
20140924   11043.570
20140925   11496.641
20140926   11581.591
20140927   11666.541
20140928   12657.631
20140929   12685.948
20140930   12147.928
20141001   11524.957
20141002   11071.888
20141003   11411.689
20141004   11270.105
20141005    9684.362
20141006    9061.392
20141007    8919.807
20141008    8268.520
20141009    8126.936
20141010    7362.380
20141011    7645.549
20141012    7560.599
20141013    8070.302
20141014   10194.065
20141015   10675.452
20141016   11043.570
20141017   11241.789
20141018   11808.126
20141019   11524.957
20141020   12119.611
20141021   12147.928
20141022   12544.363
20141023   12912.482
20141024   13903.572
20141025   14215.058
20141026   14469.909
20141027   14894.662
20141028   16508.723
20141029   16763.574
20141030   15659.217
20141031   15630.900
20141101   14753.078
20141102   13450.503
20141103   12629.314
20141104   11524.957
20141105   11156.838
20141106   11383.373
20141107   10363.967
20141108    9967.530
20141109    9571.095
20141110    8806.540
20141111    8749.906
20141112    9231.292
20141113    9457.827
20141114    8721.589
20141115    7843.767
20141116    7192.479
20141117    8976.440
20141118    8098.619
20141119    8240.203
20141120    8296.837
20141121    8211.886
20141122    8041.985
20141123    7985.351
20141124    8608.322
20141125    8693.272
20141126    8211.886
20141127    8778.223
20141128    7900.400
20141129    7787.133
20141130    7985.351
20141201    8098.619
20141202    8070.302
20141203    8211.886
20141204    8211.886
20141205    7957.034
20141206    8919.807
20141207    8891.490
20141208    9202.976
20141209    9316.243
20141210    9287.926
20141211    9316.243
20141212    9429.511
20141213    9514.461
20141214    9514.461
20141215   10052.481
20141216   11808.126
20141217   12119.611
20141218   12742.582
20141219   13535.453
20141220   14554.859
20141221   14866.345
20141222   14639.811
20141223   14413.275
20141224   15206.147
20141225   13054.067
20141226   12119.611
20141227   11185.155
20141228   11128.521
20141229   10817.036
20141230   10986.938
20141231   10788.719
20150101   10505.551
20150102   10505.551
20150103   10618.818
20150104   12742.582
20150105   12289.512
20150106   12969.116
20150107   14158.424
20150108   14441.593
20150109   15715.851
20150110   15206.147
20150111   15092.880
20150112   15772.484
20150113   16310.505
20150114   16027.336
20150115   15999.020
20150116   15517.633
20150117   14753.078
20150118   14469.909
20150119   13761.988
20150120   13280.602
20150121   12997.434
20150122   11949.710
20150123   12657.631
20150124   12374.463
20150125   11893.076
20150126   11949.710
20150127   11468.323
20150128   10618.818
20150129   10335.649
20150130   10477.233
20150131    9514.461
20150201    9429.511
20150202   10109.114
20150203    9372.877
20150204    9344.560
20150205    9627.729
20150206    9401.193
20150207    8834.856
20150208    8863.174
20150209    9146.342
20150210    9316.243
20150211    8919.807
20150212    9429.511
20150213    9004.758
20150214    9089.708
20150215    9316.243
20150216    9684.362
20150217   10448.917
20150218   10194.065
20150219    9542.777
20150220    8834.856
20150221    9089.708
20150222    9344.560
20150223    9712.679
20150224    9684.362
20150225    9825.946
20150226   10930.304
20150227   10562.185
20150228   10788.719
20150301   11043.570
20150302   12317.829
20150303   12940.800
20150304   14045.156
20150305   16565.355
20150306   16112.286
20150307   15800.801
20150308   15659.217
20150309   15772.484
20150310   16253.871
20150311   17556.445
20150312   18009.516
20150313   19170.506
20150314   21152.686
20150315   22200.408
20150316   23531.301
20150317   24550.707
20150318   24890.510
20150319   25740.016
20150320   26306.352
20150321   26419.619
20150322   27495.660
20150323   27608.928
20150324   27722.193
20150325   28288.531
20150326   28600.016
20150327   28600.016
20150328   28883.186
20150329   29166.354
20150330   29449.521
20150331   29732.689
20150401   29449.521
20150402   28883.186
20150403   28883.186
20150404   29449.521
20150405   28316.848
20150406   28146.947
20150407   27892.096
20150408   27212.490
20150409   26193.084
20150410   26646.154
20150411   26023.184
20150412   25598.430
20150413   24409.123
20150414   24805.559
20150415   24409.123
20150416   24210.904
20150417   24267.539
20150418   24494.074
20150419   25060.410
20150420   26391.303
20150421   25485.164
20150422   25513.480
20150423   26646.154
20150424   26561.203
20150425   27184.174
20150426   27240.809
20150427   27467.342
20150428   28600.016
20150429   29449.521
20150430   28600.016
20150501   28883.186
20150502   27580.609
20150503   27693.877
20150504   27552.293
20150505   27750.512
20150506   27523.977
20150507   27155.857
20150508   26504.570
20150509   25966.549
20150510   24607.342
20150511   23814.469
20150512   22625.162
20150513   21067.734
20150514   19623.576
20150515   19057.238
20150516   18717.436
20150517   18519.219
20150518   18830.703
20150519   19283.773
20150520   19510.309
20150521   20020.012
20150522   20048.328
20150523   19935.061
20150524   19906.744
20150525   20076.645
20150526   20416.447
20150527   20529.715
20150528   20444.764
20150529   20274.863
20150530   20558.031
20150531   21379.221
20150601   21492.488
20150602   21690.705
20150603   21775.656
20150604   22058.824
20150605   22172.092
20150606   22681.795
20150607   22483.578
20150608   22795.062
20150609   24097.637
20150610   23871.104
20150611   23984.371
20150612   23927.736
20150613   23474.666
20150614   23248.133
20150615   23078.230
20150616   22766.746
20150617   22625.162
20150618   22483.578
20150619   22370.311
20150620   22172.092
20150621   22172.092
20150622   22540.211
20150623   22228.727
20150624   22115.459
20150625   22370.311
20150626   22030.508
20150627   22738.430
20150628   23134.865
20150629   23163.182
20150630   23559.617
20150701   23757.836
20150702   24097.637
20150703   24267.539
20150704   25003.777
20150705   25456.846
20150706   25881.600
20150707   25881.600
20150708   26589.520
20150709   26929.322
20150710   27325.758
20150711   27439.025
20150712   28316.848
20150713   28883.186
20150714   28883.186
20150715   28883.186
20150716   28883.186
20150717   29449.521
20150718   29449.521
20150719   29166.354
20150720   29449.521
20150721   29732.689
20150722   30015.859
20150723   30015.859
20150724   30015.859
20150725   30299.027
20150726   30015.859
20150727   29166.354
20150728   29166.354
20150729   29732.689
20150730   30299.027
20150731   30582.195
20150801   29449.521
20150802   29166.354
20150803   29166.354
20150804   28600.016
20150805   28118.631
20150806   27410.709
20150807   26901.006
20150808   26532.887
20150809   25853.281
20150810   24352.490
20150811   23899.420
20150812   22625.162
20150813   21577.438
20150814   20133.279
20150815   19255.457
20150816   18547.535
20150817   17726.348
20150818   16848.525
20150819   16168.920
20150820   14951.296
20150821   14356.642
20150822   13677.037
20150823   13450.503
20150824   13620.404
20150825   13308.919
20150826   12940.800
20150827   12374.463
20150828   11694.858
20150829   10590.501
20150830   10250.699
20150831   10335.649
20150901   10222.382
20150902    9939.214
20150903    9769.312
20150904    9740.996
20150905    9854.263
20150906    9202.976
20150907    8778.223
20150908    8580.005
20150909    8240.203
20150910    8296.837
20150911    7900.400
20150912    8325.153
20150913    8041.985
20150914    7787.133
20150915    7730.500
20150916    7475.648
20150917    7334.063
20150918    7475.648
20150919    7730.500
20150920    7475.648
20150921    7702.183
20150922    8013.668
20150923    7673.866
20150924    7588.915
20150925    7588.915
20150926    7390.697
20150927    7362.380
20150928    6965.945
20150929    7249.113
20150930    7419.014
20151001    7758.816
20151002    7843.767
20151003    8070.302
20151004    7900.400
20151005    7192.479
20151006    6314.657
20151007    6371.291
20151008    6229.707
20151009    6541.192
20151010    7164.163
20151011    7447.331
20151012    7560.599
20151013    7702.183
20151014    7673.866
20151015    7334.063
20151016    7192.479
20151017    6965.945
20151018    7050.895
20151019    6711.093
20151020    6541.192
20151021    6314.657
20151022    6116.439
20151023    5974.855
20151024    5833.271
20151025    5804.954
20151026    7249.113
20151027    7872.083
20151028    7872.083
20151029    7645.549
20151030    7277.430
20151031    7079.212
20151101    6994.261
20151102    7900.400
20151103    7673.866
20151104    7843.767
20151105    7900.400
20151106    8240.203
20151107    8098.619
20151108    8381.787
20151109    9457.827
20151110    9684.362
20151111    9825.946
20151112    9995.848
20151113    9571.095
20151114    9061.392
20151115    9174.659
20151116    8863.174
20151117    8721.589
20151118   10024.164
20151119    9995.848
20151120   10137.432
20151121   11128.521
20151122   12232.878
20151123   12317.829
20151124   12912.482
20151125   13337.235
20151126   14073.474
20151127   14469.909
20151128   15121.197
20151129   15460.999
20151130   15432.683
20151201   15602.583
20151202   16791.891
20151203   16933.475
20151204   17669.713
20151205   18490.902
20151206   18830.703
20151207   20133.279
20151208   20416.447
20151209   21011.102
20151210   21520.805
20151211   22087.141
20151212   22426.943
20151213   22653.479
20151214   24692.291
20151215   24267.539
20151216   24494.074
20151217   25541.797
20151218   25201.994
20151219   24012.688
20151220   23927.736
20151221   22964.963
20151222   22540.211
20151223   21917.240
20151224   21917.240
20151225   21690.705
20151226   21549.121
20151227   21520.805
20151228   23446.350
20151229   23502.984
20151230   24352.490
20151231   25003.777
20160101   25881.600
20160102   26532.887
20160103   27722.193
20160104   28883.186
20160105   28175.264
20160106   27892.096
20160107   29449.521
20160108   30582.195
20160109   32564.375
20160110   32281.207
20160111   32281.207
20160112   33413.879
20160113   33130.711
20160114   33697.051
20160115   34546.555
20160116   34263.387
20160117   35679.227
20160118   33980.219
20160120   32847.543
20160121   34263.387
20160122   37661.406
20160123   36245.566
20160124   32847.543
20160125   32281.207
20160126   33130.711
20160127   35396.059
20160128   34546.555
20160129   31148.533
20160130   30015.859
20160131   29449.521
20160201   27863.779
20160202   27155.857
20160204   30299.027
20160205   27014.273
20160206   25740.016
20160207   25201.994
20160208   26334.668
20160209   25343.578
20160210   23672.885
20160211   22964.963
20160212   23163.182
20160213   22880.014
20160214   21690.705
20160215   22653.479
20160216   22766.746
20160217   24125.955
20160218   22795.062
20160223   20812.883
20160224   21860.607
20160225   19793.477
20160226   19538.625
20160227   19170.506
20160228   19000.605
20160229   19566.941
20160301   20161.596
20160302   20501.398
20160303   20727.934
20160304   21039.418
20160305   21237.637
20160306   21435.854
20160307   21237.637
20160308   20558.031
20160309   20699.615
20160310   21407.537
20160311   23276.449
20160312   24522.391
20160313   25456.846
20160314   26476.252
20160315   26561.203
20160316   27354.074
20160317   27325.758
20160318   27693.877
20160319   30299.027
20160320   31714.869
20160321   30582.195
20160322   28883.186
20160323   28883.186
20160324   29166.354
20160325   30299.027
20160326   28260.215
20160327   28033.680
20160328   28316.848
20160329   27297.441
20160330   26702.787
20160331   26504.570
20160401   27354.074
20160402   28600.016
20160403   26278.035
20160404   25655.064
20160405   24720.607
20160406   24154.271
20160407   23786.152
20160408   24380.807
20160409   22738.430
20160410   22285.359
20160411   22426.943
20160412   23333.082
20160413   23248.133
20160414   22398.627
20160415   21662.389
20160416   21067.734
20160417   20331.496
20160418   20246.547
20160420   19850.111
20160421   19935.061
20160422   20416.447
20160423   20133.279
20160424   20218.229
20160425   20048.328
20160426   19906.744
20160427   20048.328
20160428   20133.279
20160429   19481.992
20160430   19113.873
20160501   19283.773
20160502   18859.021
20160503   18745.754
20160504   18689.119
20160505   18943.971
20160506   18915.654
20160507   18943.971
20160508   19481.992
20160509   19736.844
20160510   20331.496
20160511   20642.982
20160512   21124.369
20160513   21577.438
20160514   21577.438
20160515   21492.488
20160516   21294.270
20160517   21775.656
20160518   22653.479
20160519   22058.824
20160520   21945.557
20160521   22257.043
20160522   21662.389
20160523   21662.389
20160524   21181.002
20160525   21464.170
20160526   21237.637
20160527   20501.398
20160528   20529.715
20160529   20189.912
20160530   19708.525
20160531   19680.209
20160601   19453.674
20160602   19283.773
20160603   19142.189
20160604   19227.141
20160605   19198.822
20160606   19397.041
20160607   19170.506
20160608   18972.289
20160609   18972.289
20160610   18972.289
20160611   18915.654
20160612   18632.486
20160613   18236.051
20160614   17924.564
20160615   17528.129
20160616   17075.059
20160617   16876.842
20160618   16621.990
20160619   15829.118
20160620   15234.464
20160621   14724.761
20160622   14639.811
20160623   14186.741
20160624   13818.622
20160625   13535.453
20160626   13054.067
20160627   13025.750
20160628   13110.700
20160629   12770.898
20160630   12572.681
20160701   12459.413
20160702   12261.195
20160703   12232.878
20160704   12629.314
20160705   12600.997
20160706   12402.779
20160707   12629.314
20160708   12572.681
20160709   12544.363
20160710   12544.363
20160711   11978.026
20160712   11921.393
20160713   12062.978
20160714   12657.631
20160715   13365.553
20160716   13280.602
20160717   13846.938
20160718   14243.375
20160719   14441.593
20160720   14724.761
20160721   14073.474
20160722   13931.890
20160723   13252.285
20160724   12884.166
20160725   12374.463
20160726   12459.413
20160727   12261.195
20160728   11524.957
20160729   11270.105
20160730   11326.739
20160731   11524.957
20160801   11043.570
20160802   11156.838
20160803   11553.274
20160804   11553.274
20160805   11808.126
20160806   12006.344
20160807   12261.195
20160808   12487.729
20160809   12006.344
20160810   12516.047
20160811   12799.215
20160812   13195.651
20160813   15036.246
20160814   16027.336
20160815   15347.731
20160816   15460.999
20160817   14809.712
20160818   14441.593
20160819   14215.058
20160820   14016.840
20160821   14328.325
20160822   14101.790
20160824   13677.037
20160825   13592.087
20160826   13875.256
20160827   14073.474
20160828   14158.424
20160829   14130.107
20160830   13960.206
20160831   14215.058
20160901   13903.572
20160902   13761.988
20160903   13705.354
20160904   13054.067
20160905   12940.800
20160906   12487.729
20160907   11893.076
20160908   11751.492
20160909   11751.492
20160910   12062.978
20160911   11978.026
20160912   11808.126
20160913   11723.175
20160914   11524.957
20160915   11383.373
20160916   11326.739
20160917   11213.472
20160918   11071.888
20160919   11326.739
20160920   11440.007
20160921   11440.007
20160922   11468.323
20160923   11411.689
20160924   11609.907
20160925   11581.591
20160926   11723.175
20160927   11808.126
20160928   11978.026
20160929   12459.413
20160930   12147.928
20161001   11921.393
20161002   11553.274
20161003   11270.105
20161004   10901.986
20161005   10675.452
20161006   10732.085
20161007   11185.155
20161008   11468.323
20161009   10562.185
20161010   10307.333
20161011   10250.699
20161012   10250.699
20161013   10732.085
20161014   10618.818
20161015   10533.867
20161016   10675.452
20161017   10505.551
20161018   10817.036
20161019   11015.254
20161020   11270.105
20161021   11864.760
20161022   11298.422
20161023   10986.938
20161025   10505.551
20161026   10080.798
20161027    9769.312
20161028    9486.145
20161029    9542.777
20161030    9542.777
20161031    9571.095
20161101    9769.312
20161102    9995.848
20161103   10137.432
20161104   10080.798
20161105    9939.214
20161106    9571.095
20161107    9146.342
20161108    8749.906
20161109    8523.371
20161110    8693.272
20161111    8636.639
20161112    8636.639
20161113    8608.322
20161114    8325.153
20161115    8211.886
20161116    8240.203
20161117    8126.936
20161118    7957.034
20161119    8834.856
20161121    7900.400
20161122    7475.648
20161123    6965.945
20161124    6852.677
20161125    6852.677
20161126    6824.360
20161127    6484.558
20161128    5889.904
20161129    6116.439
20161130    7022.578
20161202    6484.558
20161203    6144.756
20161204    7050.895
20161205    7164.163
20161211    8495.055
20161212    8523.371
20161213    8919.807
20161214    9910.896
20161215    9967.530
20161216    9401.193
20161217    9118.025
20161218    9995.848
20161219   10222.382
20161220    9712.679
20161221    9174.659
20161222    9316.243
20161223    8976.440
20161224    9089.708
20161225    8891.490
20161226    8891.490
20161227    9174.659
20161228    9316.243
20161229   10732.085
20161230   11270.105
20161231   11326.739
20170101   12006.344
20170102   12516.047
20170103   13025.750
20170104   13733.671
20170105   13563.771
20170106   14668.127
20170108   14101.790
20170109   13790.305
20170110   13507.137
20170111   13903.572
20170112   13733.671
20170113   14016.840
20170114   14016.840
20170115   13507.137
20170116   13365.553
20170117   13139.018
20170118   12657.631
20170119   12289.512
20170120   12799.215
20170121   13620.404
20170122   15347.731
20170123   16225.554
20170124   16083.970
20170125   16678.623
20170126   18547.535
20170127   18575.852
20170128   18915.654
20170129   19850.111
20170130   19595.260
20170131   20020.012
20170201   20473.082
20170202   20812.883
20170203   21265.953
20170204   20784.566
20170205   20388.131
20170206   19963.377
20170207   20048.328
20170208   19623.576
20170209   19425.357
20170210   17782.980
20170211   16706.939
20170212   15715.851
20170213   15064.563
20170214   13818.622
20170215   14271.691
20170216   13167.334
20170217   12742.582
20170218   12516.047
20170219   12629.314
20170220   12459.413
20170221   12855.849
20170222   12572.681
20170223   12487.729
20170224   12317.829
20170225   12940.800
20170226   12119.611
20170227   11978.026
20170228   11694.858
20170301   11638.225
20170302   11609.907
20170303   11581.591
20170304   11298.422
20170305   10958.620
20170306   10562.185
20170307   10675.452
20170308   10986.938
20170309   11213.472
20170310   11864.760
20170311   12600.997
20170312   13790.305
20170313   14922.979
20170314   15914.068
20170315   16112.286
20170316   16338.821
20170317   16763.574
20170318   17641.396
20170319   17726.348
20170320   17584.762
20170321   17443.178
20170322   17075.059
20170323   15970.702
20170324   15177.830
20170325   14894.662
20170326   14384.959
20170327   13818.622
20170328   13507.137
20170329   13054.067
20170330   13365.553
20170331   13393.869
20170401   13280.602
20170402   13223.968
20170403   13931.890
20170404   14356.642
20170405   15715.851
20170406   16423.771
20170407   16055.652
20170408   16537.039
20170409   16452.088
20170410   16621.990
20170411   16763.574
20170412   17528.129
20170413   18151.100
20170414   18462.584
20170415   18972.289
20170416   19510.309
20170417   20246.547
20170418   20331.496
20170419   20246.547
20170420   20189.912
20170421   20218.229
20170422   19963.377
20170423   20699.615
20170424   20048.328
20170425   19000.605
20170426   18462.584
20170427   18519.219
20170428   17443.178
20170429   17273.277
20170430   17867.932
20170501   19198.822
20170502   18604.170
20170503   19538.625
20170504   21265.953
20170505   21973.875
20170506   21577.438
20170507   21662.389
20170508   22200.408
20170509   22625.162
20170510   23078.230
20170511   23757.836
20170512   24465.756
20170513   26476.252
20170514   26306.352
20170515   25994.867
20170516   26532.887
20170517   26362.986
20170518   26985.957
20170519   27099.223
20170520   27807.145
20170521   29166.354
20170522   30015.859
20170523   30015.859
20170524   31714.869
20170525   29732.689
20170526   29732.689
20170527   29166.354
20170528   30015.859
20170529   30865.365
20170530   30865.365
20170531   30582.195
20170601   30299.027
20170602   30015.859
20170603   29166.354
20170604   29449.521
20170605   29166.354
20170606   30582.195
20170607   31148.533
20170608   30299.027
20170609   28600.016
20170610   27637.244
20170611   26985.957
20170612   27523.977
20170613   26759.422
20170614   26136.451
20170615   25598.430
20170616   25428.529
20170617   24663.975
20170618   24409.123
20170619   23474.666
20170620   22370.311
20170621   21747.340
20170622   21124.369
20170623   20104.963
20170624   19651.893
20170625   18972.289
20170626   17896.248
20170627   17499.812
20170628   16990.109
20170629   17018.426
20170630   16678.623
20170701   16650.307
20170702   16735.258
20170703   16452.088
20170704   16452.088
20170705   16310.505
20170706   16423.771
20170707   16423.771
20170708   16310.505
20170709   16055.652
20170710   15800.801
20170711   15942.386
20170712   15772.484
20170713   15829.118
20170714   15857.435
20170715   16225.554
20170716   16338.821
20170717   16083.970
20170718   16027.336
20170719   15715.851
20170720   14979.612
20170721   14554.859
20170722   14158.424
20170723   13761.988
20170724   13648.721
20170725   13478.819
20170726   12969.116
20170727   12827.532
20170728   12799.215
20170729   13110.700
20170730   12006.344
20170731   11609.907
20170801   11411.689
20170802   11071.888
20170803   11043.570
20170804   11553.274
20170805   11383.373
20170806   11411.689
20170807   11383.373
20170808   11298.422
20170809   11383.373
20170810   11411.689
20170811   11836.442
20170812   12629.314
20170813   12402.779
20170814   12289.512
20170815   11609.907
20170816   10675.452
20170817   10363.967
20170818   10307.333
20170819   10477.233
20170820   10703.769
20170821   10930.304
20170822   10618.818
20170823   10533.867
20170824   10194.065
20170825   10024.164
20170826    9854.263
20170827    9542.777
20170828    9146.342
20170829    9316.243
20170830    9118.025
20170831    9372.877
20170901    8721.589
20170902    9231.292
20170903    9514.461
20170904    9740.996
20170905   10307.333
20170906   10873.670
20170907   10788.719
20170908   10873.670
20170909   10788.719
20170910   10845.353
20170911   11779.809
20170912   11468.323
20170913   10420.600
20170914    9995.848
20170915    9542.777
20170916    9457.827
20170917    9231.292
20170918    8948.124
20170919    8693.272
20170920    8466.737
20170921    8098.619
20170922    7985.351
20170923    7532.282
20170924    7192.479
20170925    7079.212
20170926    6739.410
20170927    6569.509
20170928    6399.607
20170929    6144.756
20170930    6116.439
20171001    5408.518
20171002    5889.904
20171003    5635.053
20171004    5804.954
20171005    5776.637
20171006    5210.300
20171007    4417.428
20171008    5918.221
20171009    5351.884
20171010    5351.884
20171011    5408.518
20171012    5153.667
20171013    5295.250
20171014    5125.350
20171015    5436.835
20171016    6314.657
20171017    5918.221
20171018    6144.756
20171019    6342.974
20171020    6597.826
20171021    6286.340
20171022    7787.133
20171023    9033.074
20171024    8834.856
20171025    8863.174
20171026    7957.034
20171027    7787.133
20171028    9372.877
20171029    8495.055
20171030    7985.351
20171031    7702.183
20171101    7362.380
20171102    8013.668
20171103    8013.668
20171104    8126.936
20171105    8296.837
20171106    8495.055
20171107    8495.055
20171108    8863.174
20171109    9231.292
20171110    8749.906
20171111    8693.272
20171112    8410.104
20171113    9033.074
20171114    9061.392
20171115    8919.807
20171116    9259.609
20171117    9627.729
20171118   10052.481
20171119   11411.689
20171120   10647.135
20171121   11015.254
20171122   11355.056
20171123   11666.541
20171124   10420.600
20171125    9939.214
20171126    9571.095
20171127    8664.955
20171128    8325.153
20171129    8296.837
20171130    7985.351
20171201    8240.203
20171202    8296.837
20171203    8211.886
20171204    8183.569
20171205    8438.421
20171206    8721.589
20171207    8636.639
20171208    9316.243
20171209    8863.174
20171210    8041.985
20171211    7588.915
20171212    8013.668
20171213    6937.628
20171214    6682.776
20171215    7050.895
20171216    6173.073
20171217    6144.756
20171218    6144.756
20171219    5804.954
20171220    5946.538
20171221    6088.123
20171222    5521.785
20171223    6711.093
20171224    7220.796
20171225    6824.360
20171226    6796.043
20171227    7447.331
20171228    8353.470
20171229    8325.153
20171230    8438.421
20171231    9910.896
20180101   10845.353
20180102   10675.452
20180103   11949.710
20180104   11864.760
20180105   11383.373
20180106   11128.521
20180107   10420.600
20180108   10647.135
20180109   10562.185
20180110    9372.877
20180111    8749.906
20180112    9740.996
20180113    9004.758
20180114    7957.034
20180115    7277.430
20180116    7730.500
20180117    7815.450
20180118    6824.360
20180119    6597.826
20180120    6399.607
20180121    6597.826
20180122    7305.747
20180123    8636.639
20180124    8891.490
20180125    9344.560
20180126    9684.362
20180127   10363.967
20180128   11921.393
20180129   12006.344
20180130   11524.957
20180131   11015.254
20180201   10788.719
20180202   10817.036
20180203   10307.333
20180204   11440.007
20180205   11185.155
20180206   11553.274
20180207   12544.363
20180208   12657.631
20180209   12572.681
20180210   13195.651
20180211   13846.938
20180212   14583.177
20180213   14215.058
20180214   13677.037
20180215   13563.771
20180216   14300.008
20180217   15036.246
20180218   15800.801
20180219   16083.970
20180220   17103.377
20180221   17782.980
20180222   18547.535
20180223   19736.844
20180224   20841.199
20180225   22228.727
20180226   25371.896
20180227   24239.223
20180228   25428.529
20180301   27099.223
20180302   27892.096
20180303   27099.223
20180304   27042.590
20180305   27552.293
20180306   31148.533
20180307   33130.711
20180308   32281.207
20180309   30582.195
20180310   31714.869
20180311   33697.051
20180312   36245.566
20180313   35396.059
20180314   34263.387
20180315   32281.207
20180316   32281.207
20180317   31998.039
20180318   31998.039
20180319   32847.543
20180320   35396.059
20180321   34546.555
20180322   32281.207
20180323   30865.365
20180324   31148.533
20180325   31148.533
20180326   30865.365
20180327   30299.027
20180328   30015.859
20180329   31431.701
20180330   31714.869
20180331   28883.186
20180401   28600.016
20180402   27750.512
20180403   26787.738
20180404   28600.016
20180405   26872.689
20180406   26023.184
20180407   28260.215
20180408   28005.363
20180409   28600.016
20180410   30299.027
20180411   27495.660
20180412   26362.986
20180413   26419.619
20180414   29166.354
20180415   30582.195
20180416   28883.186
20180417   26957.639
20180418   26731.105
20180419   29732.689
20180420   28146.947
20180421   26957.639
20180422   28600.016
20180423   29449.521
20180424   28883.186
20180425   28146.947
20180426   29166.354
20180427   28600.016
20180428   27099.223
20180429   27693.877
20180430   26901.006
20180501   26476.252
20180502   26221.400
20180503   26136.451
20180504   26844.371
20180505   27580.609
20180506   27325.758
20180507   26816.055
20180508   26504.570
20180509   26051.500
20180510   25513.480
20180511   25060.410
20180512   24833.875
20180513   24324.172
20180514   23814.469
20180515   23049.914
20180516   22200.408
20180517   21152.686
20180518   20501.398
20180519   19453.674
20180520   18915.654
20180521   18689.119
20180522   18236.051
20180523   18321.000
20180524   18405.951
20180525   17924.564
20180526   17896.248
20180527   18207.732
20180528   18066.148
20180529   17471.496
20180530   17443.178
20180531   17358.229
20180601   17414.861
20180602   17499.812
20180603   17584.762
20180604   17216.645
20180605   17329.910
20180606   17358.229
20180607   16848.525
20180608   16565.355
20180609   16593.674
20180610   16452.088
20180611   16395.455
20180612   16168.920
20180613   15630.900
20180614   14951.296
20180615   14469.909
20180616   13761.988
20180617   13195.651
20180618   13223.968
20180619   12289.512
20180620   11949.710
20180621   11751.492
20180622   12062.978
20180623   12317.829
20180624   12204.562
20180625   12374.463
20180626   12827.532
20180627   12657.631
20180628   12685.948
20180629   12600.997
20180630   12714.265
20180701   12600.997
20180702   12742.582
20180703   13422.186
20180704   13422.186
20180705   13988.522
20180706   14328.325
20180707   15545.949
20180708   15772.484
20180709   16253.871
20180710   16735.258
20180711   17188.326
20180712   16593.674
20180713   16508.723
20180714   16168.920
20180715   16140.604
20180716   15715.851
20180717   15517.633
20180718   15064.563
20180719   14300.008
20180720   13790.305
20180721   13790.305
20180722   13648.721
20180723   12657.631
20180724   12374.463
20180725   12062.978
20180726   11270.105
20180727   10958.620
20180728   10590.501
20180729   10675.452
20180730   10250.699
20180731   10392.283
20180801   10165.748
20180802    9854.263
20180803    9627.729
20180804    9656.045
20180805    8919.807
20180806    8466.737
20180807    8523.371
20180808    8296.837
20180809    8098.619
20180810    8523.371
20180811    8523.371
20180812    8664.955
20180813    8495.055
20180814    8410.104
20180815    8381.787
20180816    8325.153
20180817    8523.371
20180818    8353.470
20180819    7985.351
20180820    8466.737
20180821    8891.490
20180822    9372.877
20180823    9259.609
20180824    9004.758
20180825    9259.609
20180826    9004.758
20180827    9004.758
20180828    9202.976
20180829    9202.976
20180830    9061.392
20180831    8749.906
20180901    8551.688
20180902    8240.203
20180903    8325.153
20180904    7815.450
20180905    8098.619
20180906    8155.252
20180907    7900.400
20180908    7702.183
20180909    7758.816
20180910    8325.153
20180911    8721.589
20180912    8466.737
20180913    8438.421
20180914    8721.589
20180915    9542.777
20180916   10109.114
20180917   11326.739
20180918   12431.097
20180919   13677.037
20180920   14498.227
20180921   15489.315
20180922   17046.742
20180923   17386.545
20180924   18236.051
20180925   18264.367
20180926   18519.219
20180927   18462.584
20180928   18830.703
20180929   19057.238
20180930   18887.338
20181001   18604.170
20181002   18377.635
20181003   18094.467
20181005   17811.297
20181006   17867.932
20181007   17896.248
20181008   17896.248
20181009   17924.564
20181010   19566.941
20181011   19566.941
20181012   19000.605
20181013   18575.852
20181014   18349.318
20181015   18349.318
20181016   18179.416
20181017   18066.148
20181018   17499.812
20181019   17414.861
20181020   17669.713
20181021   17981.199
20181022   18490.902
20181023   19028.922
20181024   19198.822
20181025   20218.229
20181026   21577.438
20181027   20869.518
20181028   20444.764
20181029   20727.934
20181030   20076.645
20181031   19312.090
20181101   19680.209
20181102   19935.061
20181103   17726.348
20181104   17782.980
20181105   17499.812
20181106   18009.516
20181107   18377.635
20181108   19142.189
20181109   20133.279
20181110   20218.229
20181111   20473.082
20181112   21096.051
20181113   23049.914
20181114   23786.152
20181115   23871.104
20181116   23672.885
20181117   23701.201
20181118   24295.855
20181119   24522.391
20181120   25655.064
20181121   24833.875
20181122   24777.242
20181123   23333.082
20181124   24182.588
20181125   23191.498
20181126   25173.678
20181127   23502.984
20181128   21662.389
20181129   21662.389
20181130   20756.250
20181201   20501.398
20181202   20501.398
20181203   20331.496
20181204   19935.061
20181205   19142.189
20181206   18151.100
20181207   17839.613
20181208   18179.416
20181209   20642.982
20181210   20784.566
20181211   20444.764
20181212   20812.883
20181213   21520.805
20181214   23842.785
20181215   24947.143
20181216   25343.578
20181217   24494.074
20181218   24777.242
20181219   25088.727
20181220   26476.252
20181221   25541.797
20181222   23361.400
20181223   24125.955
20181224   24295.855
20181225   23446.350
20181226   22710.111
20181227   21803.973
20181228   24777.242
20181229   25003.777
20181230   24267.539
20181231   23899.420
20190101   25683.381
20190102   24125.955
20190103   25570.113
20190104   27863.779
20190105   26929.322
20190106   26532.887
20190107   26816.055
20190108   27410.709
20190109   28883.186
20190110   28090.312
20190111   27439.025
20190112   27523.977
20190113   30582.195
20190114   30865.365
20190115   30299.027
20190116   29732.689
20190117   29449.521
20190118   29732.689
20190119   30582.195
20190120   32281.207
20190121   30299.027
20190122   29732.689
20190123   30865.365
20190124   31714.869
20190125   29732.689
20190126   29449.521
20190127   29732.689
20190128   28600.016
20190129   30865.365
20190130   29166.354
20190131   28600.016
20190201   28090.312
20190202   28883.186
20190203   28316.848
20190204   28231.896
20190205   28146.947
20190206   27608.928
20190207   27892.096
20190208   30299.027
20190209   28316.848
20190210   27920.412
20190211   27269.125
20190212   28203.580
20190213   27863.779
20190214   26759.422
20190215   26731.105
20190216   26787.738
20190217   27099.223
20190218   28090.312
20190219   27099.223
20190220   28146.947
20190221   28288.531
20190222   28033.680
20190223   28316.848
20190224   31431.701
20190225   29732.689
20190226   30582.195
20190227   30582.195
20190228   30582.195
20190301   31148.533
20190302   31431.701
20190303   31714.869
20190304   33697.051
20190305   33697.051
20190306   31714.869
20190307   31148.533
20190308   31148.533
20190309   31431.701
20190310   31998.039
20190311   32564.375
20190312   31998.039
20190313   31431.701
20190314   31431.701
20190315   34546.555
20190316   33413.879
20190317   33130.711
20190318   32564.375
20190319   32564.375
20190320   32564.375
20190321   33697.051
20190322   31998.039
20190323   31714.869
20190324   31714.869
20190325   32281.207
20190326   33980.219
20190327   32281.207
20190328   30865.365
20190329   31148.533
20190330   31148.533
20190331   33980.219
20190401   32281.207
20190402   32847.543
20190403   30582.195
20190404   30299.027
20190405   30865.365
20190406   29732.689
20190407   29166.354
20190408   29449.521
20190409   31714.869
20190410   29449.521
20190411   28883.186
20190412   29166.354
20190413   27637.244
20190414   31148.533
20190415   28316.848
20190416   28175.264
20190417   28203.580
20190418   28316.848
20190419   31998.039
20190420   30582.195
20190421   28600.016
20190422   28883.186
20190423   30865.365
20190424   31998.039
20190425   33697.051
20190426   35962.398
20190427   33697.051
20190428   34546.555
20190429   33980.219
20190430   33697.051
20190501   33697.051
20190502   34263.387
20190503   33980.219
20190504   34546.555
20190505   35396.059
20190506   33980.219
20190507   33413.879
20190508   32847.543
20190509   32564.375
20190510   33413.879
20190511   33130.711
20190512   35112.891
20190514   34546.555
20190515   34263.387
20190516   33697.051
20190517   33130.711
20190518   32847.543
20190519   33697.051
20190520   32564.375
20190521   31998.039
20190522   31998.039
20190523   32281.207
20190524   32281.207
20190525   33130.711
20190526   33130.711
20190527   31714.869
20190528   31148.533
20190529   31148.533
20190530   31148.533
20190531   31148.533
20190601   31148.533
20190602   31998.039
20190603   31431.701
20190604   30865.365
20190605   30865.365
20190606   30582.195
20190607   30865.365
20190608   31998.039
20190609   33413.879
20190611   33980.219
20190612   33697.051
20190613   32847.543
20190614   31714.869
20190615   31998.039
20190616   31998.039
20190617   32281.207
20190618   31998.039
20190619   31998.039
20190620   30865.365
20190621   30015.859
20190622   30299.027
20190623   30015.859
20190624   31714.869
20190625   30582.195
20190626   30299.027
20190627   30582.195
20190628   31431.701
20190629   30299.027
20190630   28600.016
20190701   29166.354
20190702   29449.521
20190703   28883.186
20190704   28600.016
20190705   29166.354
20190706   29166.354
20190707   28883.186
20190708   28600.016
20190709   28146.947
20190710   28883.186
20190711   28316.848
20190712   27042.590
20190713   27212.490
20190714   27439.025
20190715   27269.125
20190716   27467.342
20190717   27665.561
20190718   27977.045
20190719   27410.709
20190720   27948.729
20190721   27552.293
20190722   27495.660
20190723   27722.193
20190724   27835.461
20190725   27354.074
20190726   26901.006
20190727   26901.006
20190728   26561.203
20190729   26362.986
20190730   26476.252
20190731   25541.797
20190801   25400.213
20190802   25230.312
20190803   24494.074
20190804   24239.223
20190805   23899.420
20190806   23191.498
20190807   22710.111
20190808   22058.824
20190809   21237.637
20190810   20529.715
20190811   20048.328
20190812   19283.773
20190813   18859.021
20190814   18660.803
20190815   17669.713
20190816   16990.109
20190817   16395.455
20190818   15574.267
20190819   15149.514
20190820   14441.593
20190821   13818.622
20190822   13252.285
20190823   12912.482
20190824   12402.779
20190825   12204.562
20190826   12091.294
20190827   12147.928
20190828   12402.779
20190829   11751.492
20190830   11978.026
20190831   12147.928
20190901   12289.512
20190902   12261.195
20190903   12147.928
20190904   12204.562
20190905   12459.413
20190906   12402.779
20190907   11808.126
20190908   11921.393
20190909   11581.591
20190910   11440.007
20190911   11043.570
20190912   10930.304
20190913   10873.670
20190914   10562.185
20190915   10222.382
20190916   10165.748
20190917    9769.312
20190918    9571.095
20190919    9146.342
20190920    8778.223
20190921    9118.025
20190922    9033.074
20190923    9118.025
20190924    9118.025
20190925    9259.609
20190926    9514.461
20190927    9372.877
20190928    9316.243
20190929    9429.511
20190930    9514.461
20191001    9882.580
20191002   10335.649
20191003   10392.283
20191004   10590.501
20191005   10845.353
20191006   10732.085
20191007   11071.888
20191008   11213.472
20191009   11015.254
20191010   10986.938
20191011   11581.591
20191012   12572.681
20191013   12459.413
20191014   12317.829
20191015   12261.195
20191016   13139.018
20191017   13252.285
20191018   13422.186
20191019   14384.959
20191020   13592.087
20191021   13761.988
20191022   13931.890
20191023   13025.750
20191024   12969.116
20191025   13223.968
20191026   14045.156
20191027   13620.404
20191028   13790.305
20191029   13875.256
20191030   14130.107
20191031   16508.723
20191101   16508.723
20191102   17131.693
20191103   16791.891
20191104   17556.445
20191105   18236.051
20191106   18519.219
20191107   18462.584
20191108   19000.605
20191109   18632.486
20191110   18037.832
20191111   18066.148
20191112   19425.357
20191113   19255.457
20191114   19453.674
20191115   19878.428
20191116   19538.625
20191117   18632.486
20191118   18377.635
20191119   17584.762
20191120   16990.109
20191121   16055.652
20191122   15404.365
20191123   15602.583
20191124   15149.514
20191125   14101.790
20191126   13705.354
20191127   14356.642
20191128   13988.522
20191129   13761.988
20191130   13620.404
20191201   14469.909
20191202   15036.246
20191203   13988.522
20191204   14611.493
20191205   14441.593
20191206   15319.415
20191207   16905.158
20191208   16876.842
20191209   17188.326
20191210   18604.170
20191211   19028.922
20191212   20812.883
20191213   21011.102
20191214   20529.715
20191215   20558.031
20191216   19765.160
20191217   21690.705
20191218   20076.645
20191219   17867.932
20191220   17782.980
20191221   17244.961
20191222   18037.832
20191223   17981.199
20191224   17046.742
20191225   16650.307
20191226   16621.990
20191227   16791.891
20191228   16423.771
20191229   17160.010
20191230   18179.416
20191231   18066.148
20200101   17754.664
20200102   17556.445
20200103   19057.238
20200104   20501.398
20200105   18887.338
20200106   19170.506
20200107   21011.102
20200108   19850.111
20200109   19651.893
20200110   19368.725
20200111   20671.299
20200112   22823.379
20200113   22880.014
20200114   22681.795
20200115   23786.152
20200116   25485.164
20200117   25824.965
20200118   26589.520
20200119   27835.461
20200120   28600.016
20200121   29166.354
20200122   29732.689
20200123   30299.027
20200124   30582.195
20200125   30865.365
20200126   31148.533
20200127   31431.701
20200128   31714.869
20200129   31998.039
20200130   31998.039
20200131   31714.869
20200201   31714.869
20200202   31431.701
20200203   31148.533
20200204   31148.533
20200205   30865.365
20200206   31148.533
20200207   30582.195
20200208   30582.195
20200209   29732.689
20200210   29166.354
20200211   29166.354
20200212   27410.709
20200213   29166.354
20200214   29732.689
20200215   28600.016
20200216   30015.859
20200217   29449.521
20200218   30015.859
20200219   30865.365
20200220   30865.365
20200221   31714.869
20200222   31998.039
20200223   31714.869
20200224   31998.039
20200225   32564.375
20200226   32847.543
20200227   32847.543
20200228   32847.543
20200229   32564.375
20200301   32281.207
20200302   32564.375
20200303   32847.543
20200304   32564.375
20200305   33130.711
20200306   33130.711
20200307   33130.711
20200308   32847.543
20200309   32564.375
20200310   32564.375
20200311   32281.207
20200312   32281.207
20200313   31998.039
20200314   31431.701
20200315   31714.869
20200316   31148.533
20200317   30865.365
20200318   30015.859
20200319   29166.354
20200320   29449.521
20200321   30299.027
20200322   29732.689
20200323   29732.689
20200324   29166.354
20200325   30582.195
20200326   30582.195
20200327   30299.027
20200328   30299.027
20200329   31148.533
20200330   31148.533
20200331   31431.701
20200401   31431.701
20200402   31714.869
20200403   31998.039
20200404   32281.207
20200405   32564.375
20200406   32564.375
20200407   32281.207
20200408   32281.207
20200409   32847.543
20200410   32847.543
20200411   32564.375
20200412   32281.207
20200413   32847.543
20200414   32847.543
20200415   32847.543
20200416   33130.711
20200417   33130.711
20200418   33413.879
20200419   32847.543
20200420   33130.711
20200421   33130.711
20200422   32847.543
20200423   32564.375
20200424   32847.543
20200425   32847.543
20200426   32847.543
20200427   32847.543
20200428   32564.375
20200429   32847.543
20200430   32564.375
20200501   32847.543
20200502   32564.375
20200503   32281.207
20200504   31998.039
20200505   31714.869
20200506   31431.701
20200507   31431.701
20200508   31148.533
20200509   31148.533
20200510   30865.365
20200511   30582.195
20200512   29732.689
20200513   29449.521
20200514   29166.354
20200515   29449.521
20200516   28883.186
20200517   28883.186
20200518   28600.016
20200519   28288.531
20200520   28260.215
20200521   27637.244
20200522   27269.125
20200523   27070.906
20200524   26617.838
20200525   26447.936
20200526   26504.570
20200527   26023.184
20200528   26108.135
20200529   26023.184
20200530   26306.352
20200531   26476.252
20200601   26561.203
20200602   26561.203
20200603   26844.371
20200604   27240.809
20200605   27467.342
20200606   27835.461
20200607   27835.461
20200608   28316.848
20200609   28316.848
20200610   29166.354
20200611   28883.186
20200612   28883.186
20200613   29166.354
20200614   28600.016
20200615   28146.947
20200616   27184.174
20200617   26532.887
20200618   25824.965
20200619   25117.045
20200620   24154.271
20200621   23559.617
20200622   22964.963
20200623   22285.359
20200624   21379.221
20200625   20274.863
20200626   19481.992
20200627   18774.070
20200628   18207.732
20200629   17584.762
20200630   17216.645
20200701   16791.891
20200702   16338.821
20200703   15970.702
20200704   15602.583
20200705   15291.098
20200706   15347.731
20200707   15404.365
20200708   15715.851
20200709   16112.286
20200710   16565.355
20200711   16791.891
20200712   16961.791
20200713   16961.791
20200714   17075.059
20200715   16763.574
20200716   16027.336
20200717   15177.830
20200718   14696.444
20200719   14016.840
20200720   13393.869
20200721   12940.800
20200722   12714.265
20200723   12402.779
20200724   11949.710
20200725   11609.907
20200726   11553.274
20200727   11440.007
20200728   11468.323
20200729   11524.957
20200730   11128.521
20200731   10986.938
20200801   10901.986
20200802   11213.472
20200803   11241.789
20200804   11043.570
20200805   10590.501
20200806   10505.551
20200807   10562.185
20200808   10958.620
20200809   11468.323
20200810   11893.076
20200811   12176.245
20200812   12487.729
20200813   12685.948
20200814   12742.582
20200815   12629.314
20200821   11581.591
20200822   11185.155
20200823   10675.452
20200824   10250.699
20200825   10533.867
20200826    9599.411
20200827    9910.896
20200828   10618.818
20200829   10080.798
20200830    9797.630
20200831    9797.630
20200901   10052.481
20200902   10222.382
20200903   10307.333
20200904   10250.699
20200905   10194.065
20200906   10448.917
20200907   10845.353
20200908   10901.986
20200909   10675.452
20200910   10732.085
20200911   10760.402
20200912   10788.719
20200913   10647.135
20200914   10052.481
20200915   10363.967
20200916   11666.541
20200917   10845.353
20200918   10335.649
20200919    9146.342
20200920    8749.906
20200921    9627.729
20200922    9712.679
20200929   10958.620
20200930   11015.254
20201001   10675.452
20201002   10080.798
20201003    9797.630
20201004    9514.461
20201005    8948.124
20201006    8749.906
20201007    8495.055
20201008    8126.936
20201009    7475.648
20201010    9061.392
20201011    9118.025
20201012    9089.708
20201013    9118.025
20201014    8948.124
20201015    9146.342
20201016    9316.243
20201017    9061.392
20201018    9401.193
20201019    9061.392
20201020    8749.906
20201021    8410.104
20201022    8240.203
20201023    8608.322
20201024    8495.055
20201025    8126.936
20201026    7815.450
20201027    7900.400
20201028    6739.410
20201029    9401.193
20201030    8041.985
20201031    7928.717
20201101    8211.886
20201102    8268.520
20201103    9004.758
20201210   12317.829
20201211   11893.076
20201212   11921.393
20201213   11638.225
20201214   11751.492
20201215   11468.323
20201216   12006.344
20201217   12034.660
20201218   11808.126
20201219   11808.126
20201220   12147.928
20201221   12091.294
20201222   12062.978
20201223   11779.809
20201224   11949.710
20201225   12289.512
20201226   12119.611
20201227   11978.026
20201228   12402.779
20201229   12289.512
20201230   12374.463
20201231   11779.809
20210101   12176.245
20210102   12176.245
20210103   12402.779
20210104   12855.849
20210105   13988.522
20210106   15036.246
20210107   16565.355
20210108   17584.762
20210109   18151.100
20210110   19000.605
20210111   19651.893
20210112   20274.863
20210113   20869.518
20210114   21011.102
20210115   20897.834
20210116   20784.566
20210117   20218.229
20210118   19453.674
20210119   18575.852
20210120   17867.932
20210121   16508.723
20210122   15744.167
20210123   15404.365
20210124   14696.444
20210125   13677.037
20210126   13280.602
20210127   13223.968
20210128   12997.434
20210129   12317.829
20210130   11524.957
20210131   11638.225
20210201   11864.760
20210202   12232.878
20210203   12714.265
20210204   12997.434
20210205   13790.305
20210206   14724.761
20210207   15574.267
20210208   16112.286
20210209   16905.158
20210210   17160.010
20210211   17499.812
20210212   17811.297
20210213   17754.664
20210214   17556.445
20210215   17216.645
20210216   16480.406
20210217   15545.949
20210218   15404.365
20210219   15347.731
20210220   14866.345
20210221   14215.058
20210222   14356.642
20210223   14526.543
20210224   13875.256
20210225   13563.771
20210226   13563.771
20210227   13592.087
20210228   13761.988
20210301   14158.424
20210302   14781.395
20210303   15744.167
20210304   16990.109
20210305   18179.416
20210306   19057.238
20210307   20189.912
20210308   21350.904
20210309   21888.924
20210310   22370.311
20210311   23021.598
20210312   23899.420
20210313   24182.588
20210314   24324.172
20210315   25003.777
20210316   25428.529
20210317   25230.312
20210318   25909.916
20210319   26108.135
20210320   26391.303
20210321   26702.787
20210322   26306.352
