20091113   12487.729
20091114   12685.948
20091115   12572.681
20091116   12346.146
20091117   12232.878
20091118   11553.274
20091119   11468.323
20091120   11524.957
20091121   11213.472
20091122   10930.304
20091123   10703.769
20091124   10250.699
20091125    9882.580
20091126    9882.580
20091127    9656.045
20091128    9344.560
20091129    9231.292
20091130    9344.560
20091201    9231.292
20091202    8891.490
20091203    8664.955
20091204    8296.837
20091205    8070.302
20091206    7928.717
20091207    7758.816
20091208    7645.549
20091209    7503.965
20091210    7475.648
20091211    7532.282
20091212    7702.183
20091213    7730.500
20091214    7787.133
20091215    8126.936
20091216    8410.104
20091217    8551.688
20091218    8693.272
20091219    9174.659
20091220    9401.193
20091221    9401.193
20091222    9344.560
20091223    9259.609
20091224    9372.877
20091225    9797.630
20091226    9995.848
20091227    9939.214
20091228   10024.164
20091229    9882.580
20091230    9825.946
20091231   10080.798
20100101   10194.065
20100102   10307.333
20100103   10590.501
20100104   10845.353
20100105   10986.938
20100106   10986.938
20100107   11015.254
20100108   10930.304
20100109   10675.452
20100110   10590.501
20100111   10392.283
20100112    9797.630
20100113    9344.560
20100114    8749.906
20100115    8013.668
20100116    7702.183
20100117    7503.965
20100118    7220.796
20100119    7107.529
20100120    6852.677
20100121    6626.143
20100122    6569.509
20100123    6597.826
20100124    6569.509
20100125    6626.143
20100126    7022.578
20100127    7503.965
20100128    7957.034
20100129    8381.787
20100130    8891.490
20100131    9599.411
20100201    9882.580
20100202   10194.065
20100203   10817.036
20100204   11326.739
20100205   11893.076
20100206   12232.878
20100207   12374.463
20100208   12544.363
20100209   12629.314
20100210   12487.729
20100211   12459.413
20100212   12544.363
20100213   12629.314
20100214   12742.582
20100215   12912.482
20100216   12884.166
20100217   12799.215
20100218   12600.997
20100219   12516.047
20100220   12487.729
20100221   12261.195
20100222   12091.294
20100223   11864.760
20100224   11440.007
20100225   10958.620
20100226   10675.452
20100227   10533.867
20100228    9995.848
20100301    9316.243
20100302    9118.025
20100303    9061.392
20100304    8976.440
20100305    8806.540
20100306    8636.639
20100307    8523.371
20100308    8325.153
20100309    8098.619
20100310    7900.400
20100311    7702.183
20100312    7419.014
20100313    7220.796
20100314    7135.846
20100315    7022.578
20100316    6937.628
20100317    6937.628
20100318    6994.261
20100319    7192.479
20100320    7588.915
20100321    7815.450
20100322    7900.400
20100323    8041.985
20100324    8551.688
20100325    8948.124
20100326    9259.609
20100327    9401.193
20100328    9514.461
20100329    9684.362
20100330   10137.432
20100331   10420.600
20100401   10562.185
20100402   10732.085
20100403   10901.986
20100404   10986.938
20100405   10930.304
20100406   11043.570
20100407   11185.155
20100408   11355.056
20100409   11355.056
20100410   11524.957
20100411   11553.274
20100412   11496.641
20100413   11298.422
20100414   10986.938
20100415   10618.818
20100416   10363.967
20100417    9910.896
20100418    9740.996
20100419    9627.729
20100420    9401.193
20100421    8919.807
20100422    8325.153
20100423    8070.302
20100424    7730.500
20100425    7249.113
20100426    7220.796
20100427    7107.529
20100428    6597.826
20100429    5833.271
20100430    5748.320
20100501    6003.172
20100502    6003.172
20100503    5635.053
20100504    5521.785
20100505    6031.489
20100506    6965.945
20100507    7957.034
20100508    8325.153
20100509    8466.737
20100510    8551.688
20100511    8721.589
20100512    8863.174
20100513    9202.976
20100514    9401.193
20100515    9939.214
20100516   10222.382
20100517   10335.649
20100518   10335.649
20100519   10647.135
20100520   10817.036
20100521   10958.620
20100522   11241.789
20100523   11383.373
20100524   11496.641
20100525   11298.422
20100526   11411.689
20100527   11553.274
20100528   11638.225
20100529   11609.907
20100530   11609.907
20100531   11638.225
20100601   11638.225
20100602   11553.274
20100603   11156.838
20100604   10788.719
20100605   10562.185
20100606   10420.600
20100607   10194.065
20100608    9769.312
20100609    9316.243
20100610    8919.807
20100611    8580.005
20100612    8041.985
20100613    7588.915
20100614    7305.747
20100615    7107.529
20100616    7135.846
20100617    7305.747
20100618    7022.578
20100619    6852.677
20100620    6965.945
20100621    6852.677
20100622    6965.945
20100623    7475.648
20100624    7532.282
20100625    7645.549
20100626    7815.450
20100627    7787.133
20100628    7928.717
20100629    7957.034
20100630    7815.450
20100701    7957.034
20100702    7928.717
20100703    7645.549
20100704    7645.549
20100705    7787.133
20100706    7843.767
20100707    7787.133
20100708    7560.599
20100709    7900.400
20100710    7758.816
20100711    7872.083
20100712    7900.400
20100713    7730.500
20100714    7447.331
20100715    7192.479
20100716    7107.529
20100717    7135.846
20100718    7249.113
20100719    7192.479
20100720    7220.796
20100721    6909.311
20100722    7022.578
20100723    6937.628
20100724    6767.727
20100725    6909.311
20100726    6937.628
20100727    6597.826
20100728    6427.924
20100729    6371.291
20100730    6427.924
20100731    6427.924
20100801    6569.509
20100802    6512.875
20100803    6484.558
20100804    6456.241
20100805    6371.291
20100806    6399.607
20100807    6116.439
20100808    6144.756
20100809    6229.707
20100810    5889.904
20100811    5748.320
20100812    5691.687
20100813    5691.687
20100814    5550.102
20100815    5465.152
20100816    5380.201
20100817    5181.983
20100818    5181.983
20100819    5068.716
20100820    5040.399
20100821    5068.716
20100822    4927.131
20100823    4927.131
20100824    4927.131
20100825    4870.498
20100826    4842.181
20100827    4813.864
20100828    4983.765
20100829    5040.399
20100830    5097.033
20100831    5012.082
20100901    4728.914
20100902    4870.498
20100903    4870.498
20100904    4615.646
20100905    4332.478
20100906    4219.210
20100907    4077.626
20100908    4020.992
20100909    3879.408
20100910    3567.923
20100911    3398.022
20100912    3341.388
20100913    3454.656
20100914    3681.190
20100915    3936.042
20100916    3964.359
20100917    3822.774
20100918    3681.190
20100919    3511.289
20100920    3482.972
20100921    3539.606
20100922    3737.824
20100923    3596.240
20100924    3567.923
20100925    3313.071
20100926    3313.071
20100927    3284.754
20100928    3369.705
20100929    3624.557
20100930    3511.289
20101001    3624.557
20101002    3652.873
20101003    3681.190
20101004    3822.774
20101005    4020.992
20101006    4162.577
20101007    4134.260
20101008    4077.626
20101009    3879.408
20101010    3794.458
20101011    3766.141
20101012    3737.824
20101013    3681.190
20101014    3624.557
20101015    3652.873
20101016    3681.190
20101017    3652.873
20101018    3681.190
20101019    3652.873
20101020    3596.240
20101021    3624.557
20101022    3539.606
20101023    3454.656
20101024    3426.339
20101025    3454.656
20101026    3426.339
20101027    3398.022
20101028    3341.388
20101029    3143.170
20101030    3058.219
20101031    3029.903
20101101    2973.269
20101102    2944.952
20101103    3143.170
20101104    3001.586
20101105    2792.041
20101106    2743.903
20101107    2823.190
20101108    2823.190
20101109    2944.952
20101110    2860.002
20101111    2916.635
20101112    2860.002
20101113    2803.368
20101114    2831.685
20101115    2826.021
20101116    2769.388
20101117    2673.110
20101118    2588.160
20101119    2508.873
20101120    2944.952
20101121    3001.586
20101122    3029.903
20101123    3001.586
20101124    2916.635
20101125    3001.586
20101126    3029.903
20101127    2944.952
20101128    2973.269
20101129    3114.853
20101130    3426.339
20101201    3426.339
20101202    3313.071
20101203    3398.022
20101204    3624.557
20101205    3794.458
20101206    3879.408
20101207    4049.309
20101208    4219.210
20101209    4332.478
20101210    4530.696
20101211    4955.448
20101212    5295.250
20101213    5351.884
20101214    5351.884
20101215    5380.201
20101216    5238.617
20101217    4757.230
20101218    4360.794
20101219    4134.260
20101220    3879.408
20101221    3709.507
20101222    3624.557
20101223    3511.289
20101224    3369.705
20101225    3313.071
20101226    3143.170
20101227    3171.487
20101228    3369.705
20101229    3426.339
20101230    3454.656
20101231    3426.339
20110101    3539.606
20110102    3284.754
20110103    3228.121
20110104    3199.804
20110105    3171.487
20110106    3001.586
20110107    2916.635
20110108    3029.903
20110109    3029.903
20110110    3199.804
20110111    3454.656
20110112    3822.774
20110113    3936.042
20110114    4219.210
20110115    4587.330
20110116    4728.914
20110117    4672.280
20110118    4587.330
20110119    4077.626
20110120    3652.873
20110121    3454.656
20110122    3256.438
20110123    3143.170
20110124    3171.487
20110125    3313.071
20110126    3426.339
20110127    3143.170
20110128    3001.586
20110129    2944.952
20110130    2888.319
20110131    2888.319
20110201    3114.853
20110202    3171.487
20110203    2888.319
20110204    3029.903
20110205    3143.170
20110206    3199.804
20110207    3341.388
20110208    3369.705
20110209    3284.754
20110210    3398.022
20110211    3681.190
20110212    3992.676
20110213    4077.626
20110214    4190.894
20110215    4360.794
20110216    4304.161
20110217    4304.161
20110218    4247.527
20110219    3936.042
20110220    3709.507
20110221    3426.339
20110222    3426.339
20110223    3256.438
20110224    3143.170
20110225    3369.705
20110226    3539.606
20110227    3822.774
20110228    4559.013
20110301    5380.201
20110302    5748.320
20110303    6314.657
20110304    7050.895
20110305    7503.965
20110306    8070.302
20110307    8523.371
20110308    8948.124
20110309    9797.630
20110310    9910.896
20110311    9995.848
20110312   10194.065
20110313   10363.967
20110314   10505.551
20110315   10590.501
20110316   10703.769
20110317   10845.353
20110318   11015.254
20110319   11156.838
20110320   11128.521
20110321   11128.521
20110322   11355.056
20110323   11270.105
20110324   11383.373
20110325   11524.957
20110326   11638.225
20110327   11723.175
20110328   11808.126
20110329   11836.442
20110330   11949.710
20110331   12147.928
20110401   12091.294
20110402   12091.294
20110403   12062.978
20110404   11921.393
20110405   12091.294
20110406   11836.442
20110407   11468.323
20110408   11128.521
20110409   10873.670
20110410   10675.452
20110411   10533.867
20110412   10420.600
20110413   10052.481
20110414    9486.145
20110415    9033.074
20110416    8948.124
20110417    9033.074
20110418    8976.440
20110419    8948.124
20110420    9033.074
20110421    9061.392
20110422    9287.926
20110423    9684.362
20110424   10080.798
20110425   10194.065
20110426    9825.946
20110427    9910.896
20110428   10675.452
20110429   11185.155
20110430   11213.472
20110501   11355.056
20110502   11779.809
20110503   12289.512
20110504   12912.482
20110505   13422.186
20110506   13846.938
20110507   14300.008
20110508   14781.395
20110509   15489.315
20110510   16197.237
20110511   16848.525
20110512   17273.277
20110513   17811.297
20110514   18434.268
20110515   18745.754
20110516   18859.021
20110517   18802.387
20110518   18745.754
20110519   19085.555
20110520   19283.773
20110521   19453.674
20110522   19566.941
20110523   19651.893
20110524   19623.576
20110525   19566.941
20110526   19566.941
20110527   19453.674
20110528   19227.141
20110529   19000.605
20110530   18717.436
20110531   18377.635
20110601   18009.516
20110602   17584.762
20110603   17216.645
20110604   16990.109
20110605   16820.207
20110606   16565.355
20110607   16253.871
20110608   15885.752
20110609   15347.731
20110610   14951.296
20110611   14498.227
20110612   14045.156
20110613   13592.087
20110614   13167.334
20110615   13535.453
20110616   12431.097
20110617   12034.660
20110618   11949.710
20110619   11609.907
20110620   11071.888
20110621   10477.233
20110622   10392.283
20110623   10194.065
20110624    9684.362
20110625    9401.193
20110626    9202.976
20110627    9061.392
20110628    8664.955
20110629    8325.153
20110630    8098.619
20110701    8296.837
20110702    8240.203
20110703    8438.421
20110704    8466.737
20110705    8466.737
20110706    8296.837
20110707    8325.153
20110708    8438.421
20110709    8551.688
20110710    8495.055
20110711    8438.421
20110712    8155.252
20110713    7985.351
20110714    8041.985
20110715    8155.252
20110716    8013.668
20110717    7928.717
20110718    7843.767
20110719    7532.282
20110720    7362.380
20110721    7249.113
20110722    7022.578
20110723    6965.945
20110724    6909.311
20110725    6767.727
20110726    6201.390
20110727    5635.053
20110728    5465.152
20110729    5351.884
20110730    5465.152
20110731    5408.518
20110801    5351.884
20110802    5181.983
20110803    4898.815
20110804    4700.597
20110805    4643.963
20110806    4870.498
20110807    4870.498
20110808    4813.864
20110809    4813.864
20110810    4785.547
20110811    4728.914
20110812    4728.914
20110813    4757.230
20110814    4842.181
20110815    4898.815
20110816    4728.914
20110817    4785.547
20110818    4842.181
20110819    4643.963
20110820    4360.794
20110821    4247.527
20110822    4219.210
20110823    4219.210
20110824    4162.577
20110825    4049.309
20110826    3964.359
20110827    3907.725
20110828    3851.091
20110829    3794.458
20110830    3766.141
20110831    3709.507
20110901    3737.824
20110902    3681.190
20110903    3709.507
20110904    4049.309
20110905    4530.696
20110906    4275.844
20110907    4077.626
20110908    3624.557
20110909    3511.289
20110910    3369.705
20110911    3256.438
20110912    3228.121
20110913    3313.071
20110914    3369.705
20110915    3454.656
20110916    3681.190
20110917    3822.774
20110918    3851.091
20110919    3851.091
20110920    3652.873
20110921    3567.923
20110922    3454.656
20110923    3313.071
20110924    3313.071
20110925    3228.121
20110926    3199.804
20110927    3143.170
20110928    3114.853
20110929    3143.170
20110930    3199.804
20111001    3114.853
20111002    3029.903
20111003    3029.903
20111004    3199.804
20111005    3398.022
20111006    3482.972
20111007    3398.022
20111008    3256.438
20111009    3199.804
20111010    3143.170
20111011    3086.536
20111012    3029.903
20111013    3001.586
20111014    2944.952
20111015    2973.269
20111016    2888.319
20111017    2803.368
20111018    2712.754
20111019    2480.556
20111020    2355.962
20111021    2282.338
20111022    2225.704
20111023    2239.863
20111024    2302.160
20111025    2319.150
20111026    2438.081
20111027    2548.516
20111028    2639.130
20111029    2633.467
20111030    2760.893
20111031    2916.635
20111101    2973.269
20111102    3029.903
20111103    3029.903
20111104    2944.952
20111105    2916.635
20111106    2944.952
20111107    2973.269
20111108    3029.903
20111109    3143.170
20111110    3058.219
20111111    2973.269
20111112    3058.219
20111113    3199.804
20111114    3228.121
20111115    3143.170
20111116    2860.002
20111117    2695.764
20111118    2695.764
20111119    2831.685
20111120    2973.269
20111121    3058.219
20111122    3114.853
20111123    3398.022
20111124    3709.507
20111125    3992.676
20111126    4445.745
20111127    5181.983
20111128    5493.469
20111129    5861.587
20111130    6144.756
20111201    6427.924
20111202    6767.727
20111203    7079.212
20111204    7192.479
20111205    7447.331
20111206    7532.282
20111207    7758.816
20111208    8155.252
20111209    8580.005
20111210    9174.659
20111211    9372.877
20111212    9429.511
20111213    9514.461
20111214    9797.630
20111215   10165.748
20111216   10024.164
20111217   10279.016
20111218   10392.283
20111219   10533.867
20111220   10590.501
20111221   10448.917
20111222   10590.501
20111223   10760.402
20111224   10505.551
20111225   10505.551
20111226   10732.085
20111227   10986.938
20111228   10930.304
20111229   10788.719
20111230   10590.501
20111231   10250.699
20120101   10222.382
20120102   10194.065
20120103    9967.530
20120104    9656.045
20120105    9344.560
20120106    9004.758
20120107    8523.371
20120108    8410.104
20120109    8325.153
20120110    8749.906
20120111    8863.174
20120112    8580.005
20120113    8211.886
20120114    7702.183
20120115    7390.697
20120116    7050.895
20120117    6880.994
20120118    6597.826
20120119    6003.172
20120120    5521.785
20120121    5408.518
20120122    5550.102
20120123    5436.835
20120124    5578.419
20120125    5776.637
20120126    6173.073
20120127    6399.607
20120128    6626.143
20120129    7107.529
20120130    7475.648
20120131    7900.400
20120201    8353.470
20120202    8580.005
20120203    8749.906
20120204    9514.461
20120205    9656.045
20120206    9656.045
20120207    9429.511
20120208    9429.511
20120209    9542.777
20120210    9910.896
20120211   10137.432
20120212   10250.699
20120213   10137.432
20120214    9967.530
20120215    9797.630
20120216    9684.362
20120217    9514.461
20120218    9429.511
20120219    9429.511
20120220    8948.124
20120221    8834.856
20120222    8410.104
20120223    7532.282
20120224    6682.776
20120225    6144.756
20120226    6059.806
20120227    5861.587
20120228    5691.687
20120229    5521.785
20120301    5323.567
20120302    5125.350
20120303    5012.082
20120304    5068.716
20120305    4955.448
20120306    4474.062
20120307    4389.111
20120308    4502.379
20120309    4955.448
20120310    5550.102
20120311    5691.687
20120312    6059.806
20120313    6965.945
20120314    7503.965
20120315    7957.034
20120316    8126.936
20120317    8693.272
20120318    8891.490
20120319    8863.174
20120320    8834.856
20120321    8919.807
20120322    9429.511
20120323    9259.609
20120324    9146.342
20120325    9344.560
20120326    9457.827
20120327    9542.777
20120328    9656.045
20120329    9712.679
20120330    9825.946
20120331   10024.164
20120401    9967.530
20120402    9825.946
20120403    9656.045
20120404    9372.877
20120405    9259.609
20120406    9033.074
20120407    8891.490
20120408    8693.272
20120409    8523.371
20120410    8296.837
20120411    7730.500
20120412    7334.063
20120413    7192.479
20120414    7164.163
20120415    6880.994
20120416    6456.241
20120417    6031.489
20120418    5606.736
20120419    5210.300
20120420    5012.082
20120421    4927.131
20120422    5040.399
20120423    4842.181
20120424    4643.963
20120425    4728.914
20120426    4870.498
20120427    4842.181
20120428    4757.230
20120429    4643.963
20120430    4445.745
20120501    4304.161
20120502    3907.725
20120503    3709.507
20120504    3596.240
20120505    3624.557
20120506    3482.972
20120507    3454.656
20120508    4049.309
20120509    4445.745
20120510    4530.696
20120511    4927.131
20120512    5040.399
20120513    5210.300
20120514    5436.835
20120515    5521.785
20120516    5578.419
20120517    6173.073
20120518    6286.340
20120519    6258.023
20120520    6173.073
20120521    6059.806
20120522    5804.954
20120523    5266.934
20120524    4927.131
20120525    4927.131
20120526    4757.230
20120527    4530.696
20120528    4332.478
20120529    3992.676
20120530    3766.141
20120531    3567.923
20120601    3341.388
20120602    3143.170
20120603    3058.219
20120604    3001.586
20120605    2973.269
20120606    2860.002
20120607    2860.002
20120608    3114.853
20120609    3171.487
20120610    3256.438
20120611    3143.170
20120612    2826.021
20120613    2826.021
20120614    2752.398
20120615    2888.319
20120616    3029.903
20120617    2973.269
20120618    2888.319
20120619    2789.209
20120620    2701.427
20120621    2590.992
20120622    2568.338
20120623    2596.655
20120624    2554.180
20120625    2466.397
20120626    2477.724
20120627    2423.922
20120628    2358.793
20120629    2288.001
20120630    2245.526
20120701    2194.556
20120702    2143.585
20120703    2166.239
20120704    2282.338
20120705    2265.348
20120706    2293.665
20120707    2276.675
20120708    2333.308
20120709    2279.506
20120710    2344.635
20120711    2409.764
20120712    2367.289
20120713    2160.575
20120714    2344.635
20120715    2412.595
20120716    2364.457
20120717    2327.645
20120718    2355.962
20120719    2254.021
20120720    2265.348
20120721    2197.387
20120722    2084.120
20120723    2030.318
20120724    1976.516
20120725    1772.635
20120726    1764.140
20120727    2084.120
20120728    2137.922
20120729    2075.625
20120730    1996.338
20120731    1902.892
20120801    1868.912
20120802    1871.744
20120803    1936.872
20120804    1982.179
20120805    2041.645
20120806    2101.110
20120807    2109.605
20120808    2237.031
20120809    2109.605
20120810    1951.031
20120811    1996.338
20120812    1928.377
20120813    1815.110
20120814    1710.338
20120815    1690.516
20120816    1690.516
20120817    1670.694
20120818    1684.852
20120819    1812.278
20120820    1834.932
20120821    1868.912
20120822    1747.150
20120823    1755.645
20120824    1735.823
20120825    1659.367
20120826    1659.367
20120827    1582.912
20120828    1435.664
20120829    1206.298
20120830    1846.259
20120831    2234.199
20120901    2276.675
20120902    1996.338
20120903    1874.575
20120904    1815.110
20120905    1900.061
20120906    1837.763
20120907    1676.357
20120908    1815.110
20120909    1625.387
20120910    1656.536
20120911    1880.239
20120912    1871.744
20120913    1931.209
20120914    1817.942
20120915    1860.417
20120916    1837.763
20120917    1965.189
20120918    1996.338
20120919    1670.694
20120920    1752.813
20120921    1860.417
20120922    1891.565
20120923    1769.803
20120924    1636.714
20120925    1599.902
20120926    1676.357
20120927    1727.328
20120928    1792.456
20120929    1775.466
20120930    2214.377
20121001    2814.695
20121002    2344.635
20121003    2273.843
20121004    2378.615
20121005    2474.893
20121006    2384.279
20121007    2336.140
20121008    2183.229
20121009    2092.615
20121010    2109.605
20121011    2135.090
20121012    2078.457
20121013    1936.872
20121014    1908.556
20121015    1945.367
20121016    1795.288
20121017    1908.556
20121018    1959.526
20121019    1871.744
20121020    1755.645
20121021    1778.298
20121022    1772.635
20121023    1690.516
20121024    1897.229
20121025    1766.971
20121026    1716.001
20121027    1611.229
20121028    1466.813
20121029    1396.021
20121030    1673.526
20121031    1786.793
20121101    1616.892
20121102    1602.734
20121103    1764.140
20121104    1812.278
20121105    1803.783
20121106    1871.744
20121107    1843.427
20121108    1945.367
20121109    1990.674
20121110    2234.199
20121111    2574.001
20121112    2831.685
20121113    2732.576
20121114    2726.912
20121115    2701.427
20121116    2658.952
20121117    2559.843
20121118    2401.269
20121119    2302.160
20121120    2313.487
20121121    2228.536
20121122    2157.744
20121123    2160.575
20121124    2095.447
20121125    2115.269
20121126    2203.051
20121127    2214.377
20121128    2101.110
20121129    2055.803
20121130    2118.100
20121201    2101.110
20121202    2050.140
20121203    1900.061
20121204    1806.615
20121205    1732.991
20121206    1798.120
20121207    1849.090
20121208    1766.971
20121209    1840.595
20121210    1948.199
20121211    1769.803
20121212    1758.476
20121213    1792.456
20121214    1976.516
20121215    2021.823
20121216    2084.120
20121217    2432.417
20121218    2520.199
20121219    2831.685
20121220    3114.853
20121221    3313.071
20121222    3511.289
20121223    3652.873
20121224    3766.141
20121225    3907.725
20121226    4417.428
20121227    3907.725
20121228    3794.458
20121229    3992.676
20121230    3907.725
20121231    3822.774
20130101    4389.111
20130102    4955.448
20130103    5068.716
20130104    5238.617
20130105    5493.469
20130106    5663.370
20130107    5606.736
20130108    5323.567
20130109    5493.469
20130110    6201.390
20130111    6994.261
20130112    6909.311
20130113    6597.826
20130114    6597.826
20130115    6484.558
20130116    6654.459
20130117    6767.727
20130118    6937.628
20130119    7164.163
20130120    7419.014
20130121    7673.866
20130122    7815.450
20130123    8098.619
20130124    8466.737
20130125    8664.955
20130126    8749.906
20130127    8919.807
20130128    8919.807
20130129    8948.124
20130130    9118.025
20130131    9089.708
20130201    9033.074
20130202    8976.440
20130203    8948.124
20130204    8749.906
20130205    8325.153
20130206    7900.400
20130207    7758.816
20130208    7617.232
20130209    7305.747
20130210    7305.747
20130211    8013.668
20130212    8523.371
20130213    8749.906
20130214    8863.174
20130215    8721.589
20130216    8636.639
20130217    8495.055
20130218    8438.421
20130219    8664.955
20130220    8325.153
20130221    7843.767
20130222    7928.717
20130223    7673.866
20130224    7419.014
20130225    7135.846
20130226    7334.063
20130227    7192.479
20130228    6880.994
20130301    6767.727
20130302    6654.459
20130303    6427.924
20130304    6144.756
20130305    6201.390
20130306    6088.123
20130307    5833.271
20130308    5691.687
20130309    5720.003
20130310    5720.003
20130311    5804.954
20130312    5889.904
20130313    5946.538
20130314    6059.806
20130315    6116.439
20130316    6116.439
20130317    6173.073
20130318    6201.390
20130319    6654.459
20130320    7050.895
20130321    7334.063
20130322    7730.500
20130323    7957.034
20130324    8183.569
20130325    8438.421
20130326    8749.906
20130327    8608.322
20130328    8580.005
20130329    8806.540
20130330    8976.440
20130331    9033.074
20130401    9061.392
20130402    8834.856
20130403    8778.223
20130404    8580.005
20130405    8296.837
20130406    8041.985
20130407    7900.400
20130408    7815.450
20130409    7588.915
20130410    7249.113
20130411    7503.965
20130412    7843.767
20130413    7872.083
20130414    7928.717
20130415    7985.351
20130416    7815.450
20130417    7787.133
20130418    7787.133
20130419    7957.034
20130420    8268.520
20130421    8523.371
20130422    8834.856
20130423    9231.292
20130424    9571.095
20130425    9825.946
20130426    9740.996
20130427    9542.777
20130428    9316.243
20130429    9401.193
20130430    9429.511
20130501    9656.045
20130502    9939.214
20130503   10279.016
20130504   10279.016
20130505   10335.649
20130506   10477.233
20130507   10618.818
20130508   10788.719
20130509   10817.036
20130510   11015.254
20130511   11270.105
20130512   11270.105
20130513   11241.789
20130514   11326.739
20130515   11496.641
20130516   11808.126
20130517   11921.393
20130518   12034.660
20130519   11978.026
20130520   12006.344
20130521   11949.710
20130522   12147.928
20130523   12006.344
20130524   12034.660
20130525   12062.978
20130526   12119.611
20130527   12147.928
20130528   12204.562
20130529   12006.344
20130530   11808.126
20130531   11440.007
20130601   11071.888
20130602   10901.986
20130603   10675.452
20130604   10307.333
20130605   10024.164
20130606    9542.777
20130607    9344.560
20130608    9316.243
20130609    9401.193
20130610    9514.461
20130611    9429.511
20130612    9316.243
20130613    9372.877
20130614    9514.461
20130615    9656.045
20130616    9599.411
20130617    9627.729
20130618    9910.896
20130619   10307.333
20130620   10307.333
20130621   10250.699
20130622   10335.649
20130623   10279.016
20130624    9995.848
20130625    9656.045
20130626    9684.362
20130627    9486.145
20130628    9316.243
20130629    9231.292
20130630    9146.342
20130701    9061.392
20130702    8919.807
20130703    8580.005
20130704    8013.668
20130705    7815.450
20130706    7362.380
20130707    7277.430
20130708    7305.747
20130709    7022.578
20130710    6852.677
20130711    6909.311
20130712    6994.261
20130713    6880.994
20130714    6711.093
20130715    7050.895
20130716    7673.866
20130717    7872.083
20130718    7957.034
20130719    7872.083
20130720    7957.034
20130721    7985.351
20130722    8070.302
20130723    8268.520
20130724    8268.520
20130725    8296.837
20130726    8098.619
20130727    7985.351
20130728    8070.302
20130729    7957.034
20130730    7447.331
20130731    6796.043
20130801    5918.221
20130802    5210.300
20130803    5153.667
20130804    5040.399
20130805    4842.181
20130806    4700.597
20130807    4304.161
20130808    4049.309
20130809    4020.992
20130810    3992.676
20130811    3596.240
20130812    3426.339
20130813    3539.606
20130814    3624.557
20130815    3624.557
20130816    3737.824
20130817    4049.309
20130818    4672.280
20130819    4927.131
20130820    5238.617
20130821    5720.003
20130822    5889.904
20130823    5776.637
20130824    5691.687
20130825    5606.736
20130826    5465.152
20130827    5012.082
20130828    4474.062
20130829    4077.626
20130830    3992.676
20130831    3737.824
20130901    3567.923
20130902    3539.606
20130903    3539.606
20130904    3341.388
20130905    3114.853
20130906    3058.219
20130907    3029.903
20130908    2944.952
20130909    2916.635
20130910    2831.685
20130911    2860.002
20130912    2888.319
20130913    2738.239
20130914    2627.803
20130915    2607.982
20130916    2480.556
20130917    2378.615
20130918    2313.487
20130919    2237.031
20130920    2313.487
20130921    2777.883
20130922    2435.249
20130923    2361.625
20130924    2378.615
20130925    2293.665
20130926    2186.061
20130927    2211.546
20130928    2307.823
20130929    2254.021
20130930    2324.813
20131001    2336.140
20131002    2338.972
20131003    2378.615
20131004    2384.279
20131005    2452.239
20131006    2418.259
20131007    2234.199
20131008    2203.051
20131009    2355.962
20131010    2214.377
20131011    2208.714
20131012    2234.199
20131013    2282.338
20131014    2350.298
20131015    2531.526
20131016    2826.021
20131017    2944.952
20131018    2800.536
20131019    2944.952
20131020    2860.002
20131021    2687.269
20131022    2285.170
20131023    2225.704
20131024    2194.556
20131025    2222.873
20131026    2047.308
20131027    1948.199
20131028    2047.308
20131029    2004.833
20131030    2018.991
20131031    2200.219
20131101    3001.586
20131102    2944.952
20131103    2707.091
20131104    2619.308
20131105    2537.190
20131106    2548.516
20131107    2344.635
20131108    2299.328
20131109    2681.605
20131110    2667.447
20131111    2712.754
20131112    2752.398
20131113    2786.378
20131114    2766.556
20131115    2888.319
20131116    2860.002
20131117    2831.685
20131118    2826.021
20131119    2644.794
20131120    2565.506
20131121    2707.091
20131122    2559.843
20131123    2673.110
20131124    2726.912
20131125    2973.269
20131126    3709.507
20131127    4219.210
20131128    4360.794
20131129    4445.745
20131130    4275.844
20131201    4105.943
20131202    3907.725
20131203    3709.507
20131204    3398.022
20131205    3171.487
20131206    3256.438
20131207    3029.903
20131208    2916.635
20131209    3001.586
20131210    3256.438
20131211    3596.240
20131212    3652.873
20131213    3624.557
20131214    3766.141
20131215    3851.091
20131216    4020.992
20131217    4474.062
20131218    5068.716
20131219    5493.469
20131220    5804.954
20131221    6059.806
20131222    6484.558
20131223    6909.311
20131224    7050.895
20131225    7107.529
20131226    7079.212
20131227    7135.846
20131228    7220.796
20131229    7164.163
20131230    7192.479
20131231    7588.915
20140101    8211.886
20140102    8353.470
20140103    8410.104
20140104    8523.371
20140105    8410.104
20140106    8410.104
20140107    8495.055
20140108    8636.639
20140109    8693.272
20140110    8721.589
20140111    8749.906
20140112    8636.639
20140113    8551.688
20140114    8438.421
20140115    7900.400
20140116    7419.014
20140117    7277.430
20140118    7192.479
20140119    6965.945
20140120    6767.727
20140121    6739.410
20140122    6909.311
20140123    7022.578
20140124    7135.846
20140125    7135.846
20140126    7107.529
20140127    7135.846
20140128    7050.895
20140129    6880.994
20140130    6569.509
20140131    6059.806
20140201    5550.102
20140202    5210.300
20140203    4983.765
20140204    4587.330
20140205    4474.062
20140206    4389.111
20140207    4275.844
20140208    4474.062
20140209    4615.646
20140210    4700.597
20140211    4927.131
20140212    5436.835
20140213    6088.123
20140214    6654.459
20140215    7079.212
20140216    7334.063
20140217    7390.697
20140218    7419.014
20140219    7475.648
20140220    7277.430
20140221    6937.628
20140222    6456.241
20140223    6059.806
20140224    5720.003
20140225    5295.250
20140226    5012.082
20140227    5153.667
20140228    5351.884
20140301    5550.102
20140302    5833.271
20140303    6371.291
20140304    6880.994
20140305    7164.163
20140306    7532.282
20140307    7900.400
20140308    8211.886
20140309    8325.153
20140310    8325.153
20140311    8041.985
20140312    7758.816
20140313    7787.133
20140314    7617.232
20140315    7419.014
20140316    7362.380
20140317    7532.282
20140318    7220.796
20140319    6682.776
20140320    6201.390
20140321    6229.707
20140322    6512.875
20140323    6456.241
20140324    6399.607
20140325    6399.607
20140326    6314.657
20140327    6258.023
20140328    6342.974
20140329    6682.776
20140330    6852.677
20140331    6880.994
20140401    6484.558
20140402    6201.390
20140403    6088.123
20140404    5918.221
20140405    5861.587
20140406    5804.954
20140407    6173.073
20140408    6739.410
20140409    6937.628
20140410    7135.846
20140411    7532.282
20140412    8126.936
20140413    8721.589
20140414    9004.758
20140415    9146.342
20140416    9514.461
20140417   10024.164
20140418   10335.649
20140419   10505.551
20140420   10533.867
20140421   10448.917
20140422   10533.867
20140423   10675.452
20140424   10590.501
20140425   10335.649
20140426   10024.164
20140427    9656.045
20140428    9231.292
20140429    8919.807
20140430    8410.104
20140501    7900.400
20140502    7362.380
20140503    7079.212
20140504    7135.846
20140505    7050.895
20140506    7107.529
20140507    7107.529
20140508    7362.380
20140509    7532.282
20140510    7758.816
20140511    7985.351
20140512    8183.569
20140513    8126.936
20140514    8126.936
20140515    8296.837
20140516    8325.153
20140517    8183.569
20140518    7957.034
20140519    7645.549
20140520    7503.965
20140521    7447.331
20140522    7419.014
20140523    7503.965
20140524    7532.282
20140525    7447.331
20140526    7447.331
20140527    7390.697
20140528    7560.599
20140529    7872.083
20140530    8013.668
20140531    7928.717
20140601    7928.717
20140602    7957.034
20140603    7928.717
20140604    7730.500
20140605    7419.014
20140606    7135.846
20140607    6767.727
20140608    6399.607
20140609    6144.756
20140610    5974.855
20140611    6229.707
20140612    6342.974
20140613    6739.410
20140614    6909.311
20140615    7079.212
20140616    7220.796
20140617    7334.063
20140618    7588.915
20140619    7645.549
20140620    7758.816
20140621    7900.400
20140622    7758.816
20140623    7617.232
20140624    7390.697
20140625    7249.113
20140626    7220.796
20140627    6880.994
20140628    6399.607
20140629    6173.073
20140630    5861.587
20140701    5635.053
20140702    5550.102
20140703    5606.736
20140704    5804.954
20140705    5804.954
20140706    5861.587
20140707    5946.538
20140708    6116.439
20140709    6314.657
20140710    6427.924
20140711    6399.607
20140712    6286.340
20140713    6342.974
20140714    6597.826
20140715    6201.390
20140716    6173.073
20140717    6003.172
20140718    6088.123
20140719    6229.707
20140720    6201.390
20140721    6144.756
20140722    6512.875
20140723    6456.241
20140724    6229.707
20140725    6059.806
20140726    5946.538
20140727    5918.221
20140728    5833.271
20140729    5521.785
20140730    5097.033
20140731    4842.181
20140801    4615.646
20140802    4728.914
20140803    4728.914
20140804    4587.330
20140805    4587.330
20140806    4162.577
20140807    3681.190
20140808    3596.240
20140809    3567.923
20140810    3398.022
20140811    3313.071
20140812    3454.656
20140813    3454.656
20140814    3313.071
20140815    3313.071
20140816    3313.071
20140817    3171.487
20140818    3114.853
20140819    3228.121
20140820    3171.487
20140821    2944.952
20140822    3228.121
20140823    3426.339
20140824    3256.438
20140825    3114.853
20140826    3086.536
20140827    3199.804
20140828    3341.388
20140829    3313.071
20140830    3284.754
20140831    3426.339
20140901    3539.606
20140902    3511.289
20140903    3652.873
20140904    3766.141
20140905    3511.289
20140906    3511.289
20140907    3567.923
20140908    3539.606
20140909    3398.022
20140910    3199.804
20140911    3313.071
20140912    3341.388
20140913    3681.190
20140914    3624.557
20140915    3766.141
20140916    3936.042
20140917    3936.042
20140918    3822.774
20140919    3936.042
20140920    4049.309
20140921    4247.527
20140922    4643.963
20140923    4785.547
20140924    4728.914
20140925    4842.181
20140926    4728.914
20140927    4728.914
20140928    4587.330
20140929    4417.428
20140930    4304.161
20141001    3907.725
20141002    3652.873
20141003    3681.190
20141004    3454.656
20141005    3228.121
20141006    3199.804
20141007    3199.804
20141008    3001.586
20141009    3001.586
20141010    2888.319
20141011    2916.635
20141012    3086.536
20141013    3482.972
20141014    4190.894
20141015    4275.844
20141016    4559.013
20141017    5012.082
20141018    5210.300
20141019    5323.567
20141020    5238.617
20141021    5181.983
20141022    5408.518
20141023    5691.687
20141024    5974.855
20141025    6201.390
20141026    6342.974
20141027    6286.340
20141028    6031.489
20141029    5833.271
20141030    5493.469
20141031    4955.448
20141101    4643.963
20141102    4332.478
20141103    4105.943
20141104    3851.091
20141105    3766.141
20141106    3539.606
20141107    3313.071
20141108    3482.972
20141109    3482.972
20141110    3482.972
20141111    3313.071
20141112    3256.438
20141113    3086.536
20141114    3058.219
20141115    3114.853
20141116    3313.071
20141117    3539.606
20141118    3398.022
20141119    3313.071
20141120    3454.656
20141121    3426.339
20141122    3341.388
20141123    3228.121
20141124    3313.071
20141125    3256.438
20141126    2860.002
20141127    3143.170
20141128    3199.804
20141129    3114.853
20141130    3171.487
20141201    3199.804
20141202    3114.853
20141203    3199.804
20141204    3228.121
20141205    3369.705
20141206    3539.606
20141207    3596.240
20141208    3681.190
20141209    3709.507
20141210    3681.190
20141211    3851.091
20141212    3794.458
20141213    4190.894
20141214    4445.745
20141215    4757.230
20141216    5238.617
20141217    5436.835
20141218    5578.419
20141219    5776.637
20141220    5974.855
20141221    5974.855
20141222    5748.320
20141223    5380.201
20141224    5040.399
20141225    4502.379
20141226    4134.260
20141227    4190.894
20141228    4389.111
20141229    4275.844
20141230    4190.894
20141231    4247.527
20150101    4162.577
20150102    4389.111
20150103    4870.498
20150104    5380.201
20150105    5635.053
20150106    5804.954
20150107    6144.756
20150108    6597.826
20150109    6767.727
20150110    6739.410
20150111    6711.093
20150112    6711.093
20150113    6739.410
20150114    6711.093
20150115    6626.143
20150116    6541.192
20150117    6342.974
20150118    6059.806
20150119    5720.003
20150120    5408.518
20150121    5181.983
20150122    4898.815
20150123    4898.815
20150124    4955.448
20150125    4898.815
20150126    4728.914
20150127    4587.330
20150128    4360.794
20150129    4134.260
20150130    3936.042
20150131    3794.458
20150201    3681.190
20150202    3624.557
20150203    3567.923
20150204    3567.923
20150205    3652.873
20150206    3681.190
20150207    3709.507
20150208    3652.873
20150209    3681.190
20150210    3567.923
20150211    3482.972
20150212    3596.240
20150213    3851.091
20150214    4049.309
20150215    4247.527
20150216    4219.210
20150217    4247.527
20150218    4219.210
20150219    4077.626
20150220    3936.042
20150221    3879.408
20150222    3907.725
20150223    3992.676
20150224    4134.260
20150225    4417.428
20150226    4757.230
20150227    4842.181
20150228    5040.399
20150301    5238.617
20150302    5720.003
20150303    6059.806
20150304    6258.023
20150305    6654.459
20150306    6767.727
20150307    6852.677
20150308    6965.945
20150309    7079.212
20150310    7419.014
20150311    7673.866
20150312    7985.351
20150313    8381.787
20150314    8778.223
20150315    9202.976
20150316    9401.193
20150317    9712.679
20150318   10279.016
20150319   10618.818
20150320   10873.670
20150321   11071.888
20150322   11355.056
20150323   11524.957
20150324   11779.809
20150325   11978.026
20150326   12062.978
20150327   12317.829
20150328   12431.097
20150329   12516.047
20150330   12544.363
20150331   12685.948
20150401   12770.898
20150402   12770.898
20150403   12799.215
20150404   12912.482
20150405   12912.482
20150406   12884.166
20150407   12629.314
20150408   12261.195
20150409   11779.809
20150410   11241.789
20150411   10930.304
20150412   10618.818
20150413   10477.233
20150414   10392.283
20150415   10307.333
20150416   10307.333
20150417   10165.748
20150418   10194.065
20150419   10363.967
20150420   10562.185
20150421   10703.769
20150422   10788.719
20150423   10986.938
20150424   11100.204
20150425   11128.521
20150426   11298.422
20150427   11411.689
20150428   11553.274
20150429   11609.907
20150430   11609.907
20150501   11723.175
20150502   11864.760
20150503   11921.393
20150504   11808.126
20150505   11666.541
20150506   11609.907
20150507   11411.689
20150508   11043.570
20150509   10788.719
20150510   10307.333
20150511    9825.946
20150512    9231.292
20150513    8806.540
20150514    8551.688
20150515    8410.104
20150516    8523.371
20150517    8495.055
20150518    8438.421
20150519    8721.589
20150520    8778.223
20150521    8749.906
20150522    8778.223
20150523    8834.856
20150524    8834.856
20150525    8919.807
20150526    9089.708
20150527    9202.976
20150528    9344.560
20150529    9429.511
20150530    9486.145
20150531    9571.095
20150601    9712.679
20150602    9967.530
20150603   10052.481
20150604   10165.748
20150605   10363.967
20150606   10505.551
20150607   10618.818
20150608   10675.452
20150609   10760.402
20150610   10845.353
20150611   10845.353
20150612   10901.986
20150613   10845.353
20150614   10788.719
20150615   10675.452
20150616   10505.551
20150617   10448.917
20150618   10448.917
20150619   10392.283
20150620   10279.016
20150621   10137.432
20150622   10024.164
20150623    9995.848
20150624   10137.432
20150625   10363.967
20150626   10533.867
20150627   10590.501
20150628   10817.036
20150629   10958.620
20150630   11071.888
20150701   11241.789
20150702   11411.689
20150703   11609.907
20150704   11666.541
20150705   11836.442
20150706   12006.344
20150707   12147.928
20150708   12289.512
20150709   12431.097
20150710   12516.047
20150711   12600.997
20150712   12685.948
20150713   12770.898
20150714   12714.265
20150715   12770.898
20150716   12884.166
20150717   12912.482
20150718   12969.116
20150719   13082.384
20150720   13195.651
20150721   13308.919
20150722   13280.602
20150723   13223.968
20150724   13195.651
20150725   13167.334
20150726   13223.968
20150727   13195.651
20150728   13195.651
20150729   13082.384
20150730   13082.384
20150731   13082.384
20150801   12940.800
20150802   12799.215
20150803   12657.631
20150804   12459.413
20150805   12232.878
20150806   11978.026
20150807   11666.541
20150808   11326.739
20150809   11071.888
20150810   10647.135
20150811   10052.481
20150812    9486.145
20150813    9061.392
20150814    8721.589
20150815    8268.520
20150816    7673.866
20150817    7164.163
20150818    6796.043
20150819    6314.657
20150820    5946.538
20150821    5720.003
20150822    5295.250
20150823    5040.399
20150824    4898.815
20150825    4502.379
20150826    4332.478
20150827    4304.161
20150828    4275.844
20150829    4134.260
20150830    3907.725
20150831    3766.141
20150901    3681.190
20150902    3596.240
20150903    3511.289
20150904    3398.022
20150905    3284.754
20150906    3029.903
20150907    2916.635
20150908    2916.635
20150909    2726.912
20150910    2860.002
20150911    2729.744
20150912    2786.378
20150913    2707.091
20150914    2746.734
20150915    2752.398
20150916    2463.566
20150917    2449.407
20150918    2554.180
20150919    2489.051
20150920    2443.744
20150921    2540.021
20150922    2644.794
20150923    2732.576
20150924    2673.110
20150925    2542.853
20150926    2590.992
20150927    2585.328
20150928    2514.536
20150929    2389.942
20150930    2432.417
20151001    2307.823
20151002    2276.675
20151003    2307.823
20151004    2327.645
20151005    2353.130
20151006    2293.665
20151007    2282.338
20151008    2404.100
20151009    2378.615
20151010    2497.546
20151011    2681.605
20151012    2735.407
20151013    2758.061
20151014    2562.675
20151015    2517.368
20151016    2455.071
20151017    2344.635
20151018    2259.685
20151019    2268.179
20151020    2200.219
20151021    2367.289
20151022    2299.328
20151023    2166.239
20151024    2118.100
20151025    2429.585
20151026    3284.754
20151027    3454.656
20151028    2729.744
20151029    2551.348
20151030    2415.427
20151031    2514.536
20151101    3511.289
20151102    3652.873
20151103    3228.121
20151104    2783.546
20151105    2627.803
20151106    2596.655
20151107    3029.903
20151108    3681.190
20151109    3794.458
20151110    3567.923
20151111    3567.923
20151112    3454.656
20151113    3256.438
20151114    3171.487
20151115    3086.536
20151116    3001.586
20151117    3001.586
20151118    3567.923
20151119    4247.527
20151120    4502.379
20151121    4530.696
20151122    4870.498
20151123    5351.884
20151124    5465.152
20151125    5663.370
20151126    6031.489
20151127    6173.073
20151128    6229.707
20151129    6399.607
20151130    6399.607
20151201    6484.558
20151202    6937.628
20151203    7277.430
20151204    7645.549
20151205    7957.034
20151206    8268.520
20151207    8381.787
20151208    8523.371
20151209    8664.955
20151210    8863.174
20151211    9118.025
20151212    9316.243
20151213    9372.877
20151214    9486.145
20151215    9740.996
20151216    9740.996
20151217    9656.045
20151218    9684.362
20151219    9627.729
20151220    9542.777
20151221    9429.511
20151222    9372.877
20151223    9429.511
20151224    9429.511
20151225    9514.461
20151226    9571.095
20151227    9740.996
20151228    9769.312
20151229    9825.946
20151230   10109.114
20151231   10137.432
20160101   10448.917
20160102   10986.938
20160103   11213.472
20160104   11581.591
20160105   12261.195
20160106   12940.800
20160107   13677.037
20160108   14271.691
20160109   14894.662
20160110   15432.683
20160111   15687.534
20160112   16225.554
20160113   16508.723
20160114   16791.891
20160115   17018.426
20160116   17244.961
20160117   17414.861
20160118   17443.178
20160119   17386.545
20160120   17273.277
20160121   17160.010
20160122   17075.059
20160123   16848.525
20160124   16423.771
20160125   15914.068
20160126   15432.683
20160127   15007.930
20160128   14441.593
20160129   13846.938
20160130   13478.819
20160131   12969.116
20160201   12516.047
20160202   12062.978
20160203   11751.492
20160204   11355.056
20160205   11071.888
20160206   10618.818
20160207   10279.016
20160208    9769.312
20160209    9514.461
20160210    9542.777
20160211    9202.976
20160212    9033.074
20160213    9231.292
20160214    9316.243
20160215    9231.292
20160216    9287.926
20160217    9372.877
20160218    9457.827
20160219    9401.193
20160220    9259.609
20160221    9146.342
20160222    8948.124
20160223    8721.589
20160224    8466.737
20160225    8381.787
20160226    8410.104
20160227    8495.055
20160228    8495.055
20160229    8438.421
20160301    8580.005
20160302    8948.124
20160303    9118.025
20160304    9202.976
20160305    9146.342
20160306    9174.659
20160307    9316.243
20160308    9542.777
20160309    9740.996
20160310   10618.818
20160311   11666.541
20160312   11978.026
20160313   12147.928
20160314   12459.413
20160315   12685.948
20160316   13054.067
20160317   13393.869
20160318   13620.404
20160319   13761.988
20160320   13875.256
20160321   13988.522
20160322   14073.474
20160323   13988.522
20160324   13960.206
20160325   13846.938
20160326   13761.988
20160327   13705.354
20160328   13620.404
20160329   13450.503
20160330   13252.285
20160331   12997.434
20160401   12629.314
20160402   12402.779
20160403   12091.294
20160404   11609.907
20160405   11270.105
20160406   11128.521
20160407   10958.620
20160408   10732.085
20160409   10618.818
20160410   10477.233
20160411   10335.649
20160412   10165.748
20160413   10194.065
20160414   10080.798
20160415    9825.946
20160416    9797.630
20160417    9542.777
20160418    9344.560
20160419    9202.976
20160420    9174.659
20160421    9259.609
20160422    9259.609
20160423    9344.560
20160424    9401.193
20160425    9457.827
20160426    9429.511
20160427    9316.243
20160428    9089.708
20160429    8834.856
20160430    8636.639
20160501    8410.104
20160502    8296.837
20160503    8240.203
20160504    8353.470
20160505    8608.322
20160506    8891.490
20160507    9118.025
20160508    9344.560
20160509    9542.777
20160510    9684.362
20160511    9882.580
20160512    9995.848
20160513   10024.164
20160514   10052.481
20160515   10109.114
20160516   10080.798
20160517   10080.798
20160518    9939.214
20160519    9854.263
20160520    9995.848
20160521    9995.848
20160522    9882.580
20160523    9769.312
20160524    9712.679
20160525    9542.777
20160526    9457.827
20160527    9202.976
20160528    9089.708
20160529    8891.490
20160530    8636.639
20160531    8721.589
20160601    8806.540
20160602    8749.906
20160603    8721.589
20160604    8693.272
20160605    8778.223
20160606    8834.856
20160607    8721.589
20160608    8664.955
20160609    8636.639
20160610    8551.688
20160611    8410.104
20160612    8240.203
20160613    8070.302
20160614    7843.767
20160615    7532.282
20160616    7390.697
20160617    7277.430
20160618    7107.529
20160619    6852.677
20160620    6512.875
20160621    6229.707
20160622    6088.123
20160623    6031.489
20160624    5748.320
20160625    5380.201
20160626    5210.300
20160627    5380.201
20160628    5153.667
20160629    4842.181
20160630    4728.914
20160701    4757.230
20160702    4785.547
20160703    4842.181
20160704    5068.716
20160705    5210.300
20160706    4983.765
20160707    4927.131
20160708    4927.131
20160709    4615.646
20160710    4275.844
20160711    4360.794
20160712    4530.696
20160713    4842.181
20160714    5068.716
20160715    5153.667
20160716    5351.884
20160717    5663.370
20160718    5748.320
20160719    5889.904
20160720    5550.102
20160721    5068.716
20160722    4898.815
20160723    4813.864
20160724    4672.280
20160725    4530.696
20160726    4219.210
20160727    4020.992
20160728    3907.725
20160729    3964.359
20160730    3879.408
20160731    3851.091
20160801    3992.676
20160802    4134.260
20160803    4247.527
20160804    4275.844
20160805    4190.894
20160806    4219.210
20160807    4587.330
20160808    4417.428
20160809    4445.745
20160810    4502.379
20160811    4615.646
20160812    4785.547
20160813    5380.201
20160814    5663.370
20160815    5606.736
20160816    5408.518
20160817    5436.835
20160818    5380.201
20160819    5266.934
20160820    5153.667
20160821    5210.300
20160822    5266.934
20160823    5380.201
20160824    5635.053
20160825    5833.271
20160826    5861.587
20160827    5833.271
20160828    5861.587
20160829    5720.003
20160830    5606.736
20160831    5408.518
20160901    5351.884
20160902    5210.300
20160903    4955.448
20160904    4757.230
20160905    4474.062
20160906    4304.161
20160907    4275.844
20160908    4275.844
20160909    4275.844
20160910    4247.527
20160911    4332.478
20160912    4219.210
20160913    4134.260
20160914    4162.577
20160915    3964.359
20160916    3766.141
20160917    3822.774
20160918    4134.260
20160919    3992.676
20160920    4020.992
20160921    4049.309
20160922    4162.577
20160923    4190.894
20160924    4049.309
20160925    4105.943
20160926    4247.527
20160927    4247.527
20160928    4247.527
20160929    4247.527
20160930    4162.577
20161001    4077.626
20161002    3964.359
20161003    3964.359
20161004    3907.725
20161005    3737.824
20161006    3567.923
20161007    3652.873
20161008    3511.289
20161009    3369.705
20161010    3737.824
20161011    3851.091
20161012    3737.824
20161013    3737.824
20161014    3766.141
20161015    3822.774
20161016    3596.240
20161017    3681.190
20161018    3822.774
20161019    3851.091
20161020    3992.676
20161021    3822.774
20161022    3681.190
20161023    3681.190
20161024    3709.507
20161025    3511.289
20161026    3228.121
20161027    3114.853
20161028    3143.170
20161029    3256.438
20161030    3228.121
20161031    3228.121
20161101    3341.388
20161102    3398.022
20161103    3369.705
20161104    3284.754
20161105    3143.170
20161106    3029.903
20161107    3001.586
20161108    2888.319
20161109    2794.873
20161110    2944.952
20161111    2692.932
20161112    2639.130
20161113    2721.249
20161114    2831.685
20161115    2746.734
20161116    2831.685
20161117    2726.912
20161118    2673.110
20161119    2599.487
20161120    2491.883
20161121    2523.031
20161122    2523.031
20161123    2523.031
20161124    2574.001
20161125    2474.893
20161126    2279.506
20161127    2333.308
20161128    2455.071
20161129    2517.368
20161130    2472.061
20161201    2194.556
20161202    2299.328
20161203    2406.932
20161204    2888.319
20161205    2755.229
20161206    2973.269
20161207    3001.586
20161208    2944.952
20161209    2973.269
20161210    3256.438
20161211    3398.022
20161212    3313.071
20161213    3398.022
20161214    3511.289
20161215    3454.656
20161216    3454.656
20161217    3454.656
20161218    3596.240
20161219    3426.339
20161220    3341.388
20161221    3398.022
20161222    3398.022
20161223    3284.754
20161224    3171.487
20161225    3199.804
20161226    3398.022
20161227    3369.705
20161228    3766.141
20161229    4049.309
20161230    4219.210
20161231    4502.379
20170101    4870.498
20170102    5153.667
20170103    5635.053
20170104    5635.053
20170105    5663.370
20170106    5804.954
20170107    5889.904
20170108    5861.587
20170109    6003.172
20170110    6031.489
20170111    5889.904
20170112    5918.221
20170113    5833.271
20170114    5720.003
20170115    5550.102
20170116    5493.469
20170117    5521.785
20170118    5521.785
20170119    5946.538
20170120    6201.390
20170121    6286.340
20170122    6484.558
20170123    6569.509
20170124    6597.826
20170125    6880.994
20170126    7164.163
20170127    7362.380
20170128    7588.915
20170129    7730.500
20170130    7900.400
20170131    8013.668
20170201    8098.619
20170202    8070.302
20170203    8070.302
20170204    8070.302
20170205    8013.668
20170206    7843.767
20170207    7900.400
20170208    7928.717
20170209    7758.816
20170210    7362.380
20170211    6965.945
20170212    6711.093
20170213    6399.607
20170214    6088.123
20170215    5804.954
20170216    5408.518
20170217    5181.983
20170218    5153.667
20170219    5097.033
20170220    5068.716
20170221    5181.983
20170222    5068.716
20170223    4813.864
20170224    4898.815
20170225    4813.864
20170226    4700.597
20170227    4672.280
20170228    4700.597
20170301    4700.597
20170302    4474.062
20170303    4247.527
20170304    4190.894
20170305    4190.894
20170306    4020.992
20170307    3992.676
20170308    4190.894
20170309    4587.330
20170310    5351.884
20170311    5833.271
20170312    6201.390
20170313    6682.776
20170314    7107.529
20170315    7588.915
20170316    7730.500
20170317    7702.183
20170318    7617.232
20170319    7617.232
20170320    7447.331
20170321    7362.380
20170322    7220.796
20170323    6994.261
20170324    6626.143
20170325    6229.707
20170326    6003.172
20170327    5635.053
20170328    5436.835
20170329    5408.518
20170330    5436.835
20170331    5493.469
20170401    5521.785
20170402    5578.419
20170403    6427.924
20170404    7107.529
20170405    6965.945
20170406    7050.895
20170407    7277.430
20170408    7419.014
20170409    7532.282
20170410    7815.450
20170411    7957.034
20170412    8126.936
20170413    8296.837
20170414    8523.371
20170415    8721.589
20170416    8834.856
20170417    8863.174
20170418    8806.540
20170419    8806.540
20170420    8976.440
20170421    8948.124
20170422    8891.490
20170423    8948.124
20170424    8778.223
20170425    8495.055
20170426    8296.837
20170427    8268.520
20170428    8325.153
20170429    8211.886
20170430    8466.737
20170501    8778.223
20170502    8721.589
20170503    8891.490
20170504    9457.827
20170505    9684.362
20170506    9712.679
20170507    9910.896
20170508   10109.114
20170509   10363.967
20170510   10817.036
20170511   11156.838
20170512   11440.007
20170513   11638.225
20170514   11808.126
20170515   12091.294
20170516   12572.681
20170517   12884.166
20170518   13139.018
20170519   13393.869
20170520   13620.404
20170521   13846.938
20170522   14356.642
20170523   14781.395
20170524   14894.662
20170525   15036.246
20170526   15177.830
20170527   15262.781
20170528   15376.049
20170529   15489.315
20170530   15460.999
20170531   15291.098
20170601   14922.979
20170602   14753.078
20170603   14554.859
20170604   14300.008
20170605   14016.840
20170606   13733.671
20170607   13620.404
20170608   13308.919
20170609   13082.384
20170610   13110.700
20170611   12912.482
20170612   12827.532
20170613   12600.997
20170614   12261.195
20170615   12091.294
20170616   11779.809
20170617   11411.689
20170618   11071.888
20170619   10618.818
20170620    9825.946
20170621    9457.827
20170622    9231.292
20170623    8919.807
20170624    8749.906
20170625    8495.055
20170626    8126.936
20170627    7872.083
20170628    7787.133
20170629    7617.232
20170630    7447.331
20170701    7334.063
20170702    7334.063
20170703    7277.430
20170704    7334.063
20170705    7362.380
20170706    7192.479
20170707    7022.578
20170708    6937.628
20170709    6909.311
20170710    6937.628
20170711    7022.578
20170712    7164.163
20170713    7277.430
20170714    7192.479
20170715    7192.479
20170716    7249.113
20170717    7050.895
20170718    6626.143
20170719    6512.875
20170720    6258.023
20170721    5889.904
20170722    5578.419
20170723    5238.617
20170724    5068.716
20170725    5125.350
20170726    5012.082
20170727    4842.181
20170728    4502.379
20170729    4417.428
20170730    4417.428
20170731    4190.894
20170801    4077.626
20170802    3936.042
20170803    3794.458
20170804    3992.676
20170805    4105.943
20170806    4275.844
20170807    4389.111
20170808    4615.646
20170809    5125.350
20170810    5380.201
20170811    5351.884
20170812    5465.152
20170813    5436.835
20170814    5040.399
20170815    4559.013
20170816    4105.943
20170817    4020.992
20170818    4077.626
20170819    4275.844
20170820    4530.696
20170821    4559.013
20170822    4870.498
20170823    4332.478
20170824    3879.408
20170825    3794.458
20170826    3539.606
20170827    3426.339
20170828    3398.022
20170829    3482.972
20170830    3596.240
20170831    3992.676
20170901    4587.330
20170902    4643.963
20170903    4389.111
20170904    4304.161
20170905    4445.745
20170906    4559.013
20170907    4587.330
20170908    4643.963
20170909    4615.646
20170910    4728.914
20170911    4672.280
20170912    4530.696
20170913    4559.013
20170914    4247.527
20170915    4077.626
20170916    3709.507
20170917    3426.339
20170918    3228.121
20170919    3228.121
20170920    3143.170
20170921    2571.170
20170922    2497.546
20170923    2579.665
20170924    2367.289
20170925    2387.110
20170926    2667.447
20170927    2457.902
20170928    2355.962
20170929    2358.793
20170930    2389.942
20171001    2290.833
20171002    2256.853
20171003    2333.308
20171004    2254.021
20171005    2208.714
20171006    2271.011
20171007    2237.031
20171008    2256.853
20171009    2245.526
20171010    2234.199
20171011    2220.041
20171012    2200.219
20171013    2217.209
20171014    2330.477
20171015    2469.229
20171016    2200.219
20171017    2273.843
20171018    2661.784
20171019    2860.002
20171020    3114.853
20171021    3284.754
20171022    3511.289
20171023    3539.606
20171024    3369.705
20171025    3284.754
20171026    3313.071
20171027    3652.873
20171028    3567.923
20171029    3398.022
20171030    3426.339
20171031    3369.705
20171101    3482.972
20171102    3454.656
20171103    3567.923
20171104    3596.240
20171105    3709.507
20171106    3851.091
20171107    3737.824
20171108    3681.190
20171109    3681.190
20171110    3596.240
20171111    3539.606
20171112    3794.458
20171113    3936.042
20171114    3879.408
20171115    4020.992
20171116    4304.161
20171117    4615.646
20171118    4927.131
20171119    5040.399
20171120    4870.498
20171121    4785.547
20171122    4587.330
20171123    4275.844
20171124    4105.943
20171125    3907.725
20171126    3879.408
20171127    3766.141
20171128    3709.507
20171129    3652.873
20171130    3766.141
20171201    3964.359
20171202    3992.676
20171203    4049.309
20171204    4105.943
20171205    4020.992
20171206    3964.359
20171207    3794.458
20171208    3709.507
20171209    3511.289
20171210    3454.656
20171211    3426.339
20171212    3256.438
20171213    3143.170
20171214    3029.903
20171215    2973.269
20171216    2797.705
20171217    2916.635
20171218    2916.635
20171219    2721.249
20171220    2661.784
20171221    2888.319
20171222    2831.685
20171223    2783.546
20171224    2888.319
20171225    2888.319
20171226    3143.170
20171227    3454.656
20171228    3624.557
20171229    3879.408
20171230    4389.111
20171231    4587.330
20180101    4700.597
20180102    5068.716
20180103    5351.884
20180104    5408.518
20180105    5465.152
20180106    5181.983
20180107    4870.498
20180108    4615.646
20180109    4445.745
20180110    4219.210
20180111    4020.992
20180112    3709.507
20180113    3426.339
20180114    3228.121
20180115    3313.071
20180116    3086.536
20180117    2916.635
20180118    3029.903
20180119    3029.903
20180120    3029.903
20180121    3313.071
20180122    3624.557
20180123    3964.359
20180124    4105.943
20180125    4445.745
20180126    4757.230
20180127    5097.033
20180128    5323.567
20180129    5125.350
20180130    4785.547
20180131    4700.597
20180201    4842.181
20180202    4898.815
20180203    4728.914
20180204    5012.082
20180205    5125.350
20180206    5097.033
20180207    5380.201
20180208    5635.053
20180209    5635.053
20180210    5521.785
20180211    6031.489
20180212    6173.073
20180213    5889.904
20180214    5833.271
20180215    6144.756
20180216    6342.974
20180217    6569.509
20180218    6909.311
20180219    7220.796
20180220    7560.599
20180221    7928.717
20180222    8806.540
20180223    9316.243
20180224    9372.877
20180225    9684.362
20180226   10363.967
20180227   10647.135
20180228   11298.422
20180301   11779.809
20180302   12374.463
20180303   12912.482
20180304   13337.235
20180305   13733.671
20180306   14045.156
20180307   14469.909
20180308   14809.712
20180309   15177.830
20180310   15574.267
20180311   15999.020
20180312   16282.188
20180313   16678.623
20180314   17160.010
20180315   17556.445
20180316   17698.029
20180317   17669.713
20180318   17669.713
20180319   17641.396
20180320   17641.396
20180321   17443.178
20180322   17160.010
20180323   16791.891
20180324   16423.771
20180325   15999.020
20180326   15460.999
20180327   14809.712
20180328   14554.859
20180329   14441.593
20180330   14130.107
20180331   13563.771
20180401   13025.750
20180402   12799.215
20180403   12657.631
20180404   12516.047
20180405   12402.779
20180406   12232.878
20180407   12261.195
20180408   12374.463
20180409   12346.146
20180410   12289.512
20180411   12289.512
20180412   12261.195
20180413   12261.195
20180414   12431.097
20180415   12459.413
20180416   12374.463
20180417   12204.562
20180418   12119.611
20180419   12346.146
20180420   12487.729
20180421   12459.413
20180422   12459.413
20180423   12402.779
20180424   12317.829
20180425   12289.512
20180426   12261.195
20180427   12062.978
20180428   11921.393
20180429   11836.442
20180430   11723.175
20180501   11666.541
20180502   11553.274
20180503   11440.007
20180504   11270.105
20180505   11298.422
20180506   11241.789
20180507   11213.472
20180508   11156.838
20180509   11071.888
20180510   10760.402
20180511   10647.135
20180512   10420.600
20180513   10024.164
20180514    9571.095
20180515    9457.827
20180516    9146.342
20180517    8919.807
20180518    8721.589
20180519    8551.688
20180520    8381.787
20180521    8296.837
20180522    7985.351
20180523    7702.183
20180524    7362.380
20180525    7362.380
20180526    7277.430
20180527    7390.697
20180528    7419.014
20180529    7362.380
20180530    7305.747
20180531    7362.380
20180601    7334.063
20180602    7164.163
20180603    7079.212
20180604    6965.945
20180605    6880.994
20180606    6880.994
20180607    6909.311
20180608    6796.043
20180609    6796.043
20180610    6682.776
20180611    6512.875
20180612    6314.657
20180613    6088.123
20180614    6201.390
20180615    5946.538
20180616    5465.152
20180617    5125.350
20180618    4955.448
20180619    4700.597
20180620    4643.963
20180621    4643.963
20180622    4700.597
20180623    4983.765
20180624    5210.300
20180625    5295.250
20180626    5323.567
20180627    5380.201
20180628    5380.201
20180629    5210.300
20180630    5210.300
20180701    5097.033
20180702    5351.884
20180703    5663.370
20180704    6088.123
20180705    6371.291
20180706    6541.192
20180707    6597.826
20180708    6852.677
20180709    6994.261
20180710    6965.945
20180711    6880.994
20180712    6909.311
20180713    6739.410
20180714    6427.924
20180715    6371.291
20180716    5974.855
20180717    5720.003
20180718    5691.687
20180719    5550.102
20180720    5351.884
20180721    4927.131
20180722    4615.646
20180723    4445.745
20180724    4275.844
20180725    4219.210
20180726    4162.577
20180727    3992.676
20180728    3822.774
20180729    3766.141
20180730    3737.824
20180731    3851.091
20180801    4049.309
20180802    4020.992
20180803    3907.725
20180804    4077.626
20180805    4134.260
20180806    4105.943
20180807    3964.359
20180808    3851.091
20180809    3822.774
20180810    3936.042
20180811    4049.309
20180812    4134.260
20180813    4049.309
20180814    3992.676
20180815    3907.725
20180816    3709.507
20180817    3709.507
20180818    3766.141
20180819    3907.725
20180820    3992.676
20180821    4134.260
20180822    4304.161
20180823    4502.379
20180824    4360.794
20180825    4360.794
20180826    4332.478
20180827    4304.161
20180828    4219.210
20180829    4247.527
20180830    4077.626
20180831    4049.309
20180901    4049.309
20180902    3964.359
20180903    3879.408
20180904    3851.091
20180905    3822.774
20180906    3822.774
20180907    3737.824
20180908    3709.507
20180909    3766.141
20180910    3794.458
20180911    3879.408
20180912    3964.359
20180913    4049.309
20180914    4162.577
20180915    4502.379
20180916    5097.033
20180917    5606.736
20180918    5946.538
20180919    6201.390
20180920    6711.093
20180921    7050.895
20180922    7220.796
20180923    7305.747
20180924    7475.648
20180925    7645.549
20180926    7673.866
20180927    7843.767
20180928    7787.133
20180929    7758.816
20180930    7843.767
20181001    7758.816
20181002    7617.232
20181003    7645.549
20181004    7532.282
20181005    7447.331
20181006    7532.282
20181007    7588.915
20181008    7645.549
20181009    7872.083
20181010    8070.302
20181011    8240.203
20181012    8183.569
20181013    8155.252
20181014    8126.936
20181015    7985.351
20181016    7872.083
20181017    8013.668
20181018    8183.569
20181019    8098.619
20181020    8211.886
20181021    8325.153
20181022    8438.421
20181023    8608.322
20181024    8721.589
20181025    8948.124
20181026    9231.292
20181027    9372.877
20181028    9259.609
20181029    8976.440
20181030    8721.589
20181031    8466.737
20181101    8410.104
20181102    8664.955
20181103    8410.104
20181104    7985.351
20181105    7928.717
20181106    8098.619
20181107    8325.153
20181108    8466.737
20181109    8693.272
20181110    8976.440
20181111    9146.342
20181112    9486.145
20181113    9825.946
20181114    9882.580
20181115   10250.699
20181116   10363.967
20181117   10279.016
20181118   10250.699
20181119   10392.283
20181120   10363.967
20181121   10392.283
20181122   10307.333
20181123   10080.798
20181124    9740.996
20181125    9684.362
20181126    9599.411
20181127    9457.827
20181128    9316.243
20181129    9174.659
20181130    9061.392
20181201    8976.440
20181202    8919.807
20181203    8806.540
20181204    8608.322
20181205    8381.787
20181206    8353.470
20181207    8325.153
20181208    8580.005
20181209    9259.609
20181210    9627.729
20181211    9514.461
20181212    9401.193
20181213    9429.511
20181214    9656.045
20181215    9854.263
20181216    9995.848
20181217    9825.946
20181218    9571.095
20181219   10420.600
20181220   10590.501
20181221   10760.402
20181222   10477.233
20181223   10194.065
20181224   10080.798
20181225    9939.214
20181226    9882.580
20181227   10052.481
20181228   10392.283
20181229   10505.551
20181230   10732.085
20181231   10986.938
20190101   11241.789
20190102   11383.373
20190103   11553.274
20190104   11779.809
20190105   11836.442
20190106   12006.344
20190107   12232.878
20190108   12176.245
20190109   12176.245
20190110   12600.997
20190111   12884.166
20190112   12997.434
20190113   13139.018
20190114   13337.235
20190115   13507.137
20190116   13677.037
20190117   13790.305
20190118   13960.206
20190119   14045.156
20190120   14158.424
20190121   14186.741
20190122   14101.790
20190123   14045.156
20190124   13988.522
20190125   13733.671
20190126   13393.869
20190127   13110.700
20190128   13025.750
20190129   12884.166
20190130   12657.631
20190131   12742.582
20190201   12685.948
20190202   12516.047
20190203   12402.779
20190204   12346.146
20190205   12232.878
20190206   12402.779
20190207   12402.779
20190208   12459.413
20190209   12431.097
20190210   12317.829
20190211   12204.562
20190212   12091.294
20190213   12119.611
20190214   12232.878
20190215   12346.146
20190216   12317.829
20190217   12261.195
20190218   12289.512
20190219   12431.097
20190220   12770.898
20190221   12912.482
20190222   13195.651
20190223   13705.354
20190224   14045.156
20190225   14130.107
20190226   14300.008
20190227   14724.761
20190228   15206.147
20190301   15602.583
20190302   15914.068
20190303   16083.970
20190304   16338.821
20190305   16508.723
20190306   16650.307
20190307   16848.525
20190308   17046.742
20190309   17244.961
20190310   17471.496
20190311   17669.713
20190312   17782.980
20190313   17782.980
20190314   17726.348
20190315   17726.348
20190316   17613.080
20190317   17443.178
20190318   17216.645
20190319   17103.377
20190320   17075.059
20190321   17046.742
20190322   16990.109
20190323   16876.842
20190324   16791.891
20190325   16763.574
20190326   16820.207
20190327   16621.990
20190328   16367.138
20190329   16055.652
20190330   15885.752
20190331   15800.801
20190401   15602.583
20190402   15404.365
20190403   15177.830
20190404   14894.662
20190405   14611.493
20190406   14243.375
20190407   13931.890
20190408   13988.522
20190409   13931.890
20190410   13705.354
20190411   13563.771
20190412   13507.137
20190413   13422.186
20190414   13450.503
20190415   13507.137
20190416   13478.819
20190417   13507.137
20190418   13478.819
20190419   13620.404
20190420   13790.305
20190421   13846.938
20190422   13903.572
20190423   13931.890
20190424   13931.890
20190425   13988.522
20190426   14101.790
20190427   14130.107
20190428   14130.107
20190429   14130.107
20190430   14158.424
20190501   14186.741
20190502   14215.058
20190503   14243.375
20190504   14271.691
20190505   14384.959
20190506   14441.593
20190507   14413.275
20190508   14469.909
20190509   14611.493
20190510   14951.296
20190511   15064.563
20190512   15206.147
20190513   15347.731
20190514   15404.365
20190515   15460.999
20190516   15489.315
20190517   15517.633
20190518   15574.267
20190519   15800.801
20190520   15857.435
20190521   15829.118
20190522   15885.752
20190523   15914.068
20190524   15914.068
20190525   15857.435
20190526   15772.484
20190527   15744.167
20190528   15687.534
20190529   15602.583
20190530   15489.315
20190531   15432.683
20190601   15432.683
20190602   15376.049
20190603   15291.098
20190604   15206.147
20190605   15234.464
20190606   15262.781
20190607   15234.464
20190608   15234.464
20190609   15234.464
20190610   15262.781
20190611   15347.731
20190612   15319.415
20190613   15319.415
20190614   15347.731
20190615   15291.098
20190616   15234.464
20190617   15177.830
20190618   15149.514
20190619   15149.514
20190620   15149.514
20190621   15092.880
20190622   14979.612
20190623   14894.662
20190624   14753.078
20190625   14696.444
20190626   14639.811
20190627   14554.859
20190628   14526.543
20190629   14498.227
20190630   14441.593
20190701   14413.275
20190702   14498.227
20190703   14583.177
20190704   14583.177
20190705   14583.177
20190706   14583.177
20190707   14526.543
20190708   14469.909
20190709   14469.909
20190710   14469.909
20190711   14413.275
20190712   14328.325
20190713   14384.959
20190714   14554.859
20190715   14668.127
20190716   14441.593
20190717   14271.691
20190718   14215.058
20190719   14045.156
20190720   13875.256
20190721   13705.354
20190722   13592.087
20190723   13365.553
20190724   13167.334
20190725   12912.482
20190726   12770.898
20190727   12487.729
20190728   12289.512
20190729   12119.611
20190730   11978.026
20190731   11779.809
20190801   11383.373
20190802   11100.204
20190803   10732.085
20190804   10533.867
20190805   10279.016
20190806    9825.946
20190807    9571.095
20190808    9372.877
20190809    9259.609
20190810    8976.440
20190811    8580.005
20190812    8211.886
20190813    8013.668
20190814    7758.816
20190815    7532.282
20190816    7249.113
20190817    6937.628
20190818    6796.043
20190819    6597.826
20190820    6088.123
20190821    5974.855
20190822    5606.736
20190823    5408.518
20190824    5380.201
20190825    5238.617
20190826    5097.033
20190827    5125.350
20190828    5266.934
20190829    5323.567
20190830    5295.250
20190831    5351.884
20190901    5408.518
20190902    5380.201
20190903    5380.201
20190904    5295.250
20190905    5323.567
20190906    5266.934
20190907    5040.399
20190908    4728.914
20190909    4842.181
20190910    5040.399
20190911    4898.815
20190912    4615.646
20190913    4304.161
20190914    4162.577
20190915    4162.577
20190916    4162.577
20190917    3936.042
20190918    3907.725
20190919    3794.458
20190920    3596.240
20190921    3681.190
20190922    3511.289
20190923    3567.923
20190924    3596.240
20190925    3737.824
20190926    3567.923
20190927    3681.190
20190928    4049.309
20190929    4275.844
20190930    4247.527
20191001    3992.676
20191002    3992.676
20191003    4332.478
20191004    4134.260
20191005    4219.210
20191006    4530.696
20191007    4389.111
20191008    4587.330
20191009    4785.547
20191010    4728.914
20191011    4898.815
20191012    5266.934
20191013    5776.637
20191014    5946.538
20191015    5974.855
20191016    6399.607
20191017    6569.509
20191018    6909.311
20191019    7107.529
20191020    7192.479
20191021    7192.479
20191022    7192.479
20191023    7305.747
20191024    7192.479
20191025    7050.895
20191026    7022.578
20191027    7135.846
20191028    7220.796
20191029    7362.380
20191030    7475.648
20191031    7787.133
20191101    8211.886
20191102    8240.203
20191103    8268.520
20191104    8126.936
20191105    7900.400
20191106    7872.083
20191107    7928.717
20191108    7872.083
20191109    7758.816
20191110    7702.183
20191111    7702.183
20191112    7673.866
20191113    7730.500
20191114    7787.133
20191115    7872.083
20191116    7702.183
20191117    7673.866
20191118    7475.648
20191119    7107.529
20191120    6994.261
20191121    6852.677
20191122    6654.459
20191123    6597.826
20191124    6456.241
20191125    6201.390
20191126    5918.221
20191127    5804.954
20191128    5974.855
20191129    5918.221
20191130    5889.904
20191201    5974.855
20191202    6059.806
20191203    6258.023
20191204    6371.291
20191205    6682.776
20191206    6937.628
20191207    7192.479
20191208    7390.697
20191209    7532.282
20191210    7758.816
20191211    8183.569
20191212    8693.272
20191213    8749.906
20191214    8976.440
20191215    9627.729
20191216   10024.164
20191217   10024.164
20191218    9627.729
20191219    9486.145
20191220    9259.609
20191221    9089.708
20191222    8976.440
20191223    8834.856
20191224    8948.124
20191225    8806.540
20191226    8806.540
20191227    8919.807
20191228    8948.124
20191229    8976.440
20191230    9486.145
20191231    9740.996
20200101    9372.877
20200102    9486.145
20200103    9854.263
20200104    9599.411
20200105    9231.292
20200106    8863.174
20200107    8778.223
20200108    8919.807
20200109    8891.490
20200110    9004.758
20200111    9033.074
20200112    9486.145
20200113    9712.679
20200114    9910.896
20200115   10562.185
20200116   10845.353
20200117   11241.789
20200118   11609.907
20200119   11779.809
20200120   11978.026
20200121   12147.928
20200122   12402.779
20200123   12742.582
20200124   12770.898
20200125   12884.166
20200126   13280.602
20200127   13507.137
20200128   13478.819
20200129   13648.721
20200130   13705.354
20200131   13677.037
20200201   13592.087
20200202   13450.503
20200203   13365.553
20200204   13252.285
20200205   12997.434
20200206   12770.898
20200207   12487.729
20200208   12232.878
20200209   12006.344
20200210   11893.076
20200211   11864.760
20200212   11893.076
20200213   11921.393
20200214   12006.344
20200215   12261.195
20200216   12516.047
20200217   12487.729
20200218   12600.997
20200219   12799.215
20200220   12912.482
20200221   13167.334
20200222   13507.137
20200223   13733.671
20200224   13875.256
20200225   13988.522
20200226   14158.424
20200227   14356.642
20200228   14441.593
20200229   14469.909
20200301   14554.859
20200302   14668.127
20200303   14753.078
20200304   14753.078
20200305   14809.712
20200306   14838.028
20200307   14838.028
20200308   14753.078
20200309   14498.227
20200310   14215.058
20200311   13931.890
20200312   13733.671
20200313   13563.771
20200314   13280.602
20200315   13082.384
20200316   12940.800
20200317   12742.582
20200318   12685.948
20200319   12516.047
20200320   12431.097
20200321   12572.681
20200322   12685.948
20200323   12855.849
20200324   12969.116
20200325   13082.384
20200326   13139.018
20200327   13139.018
20200328   13252.285
20200329   13422.186
20200330   13422.186
20200331   13507.137
20200401   13592.087
20200402   13677.037
20200403   13875.256
20200404   14045.156
20200405   14271.691
20200406   14469.909
20200407   14668.127
20200408   14866.345
20200409   15206.147
20200410   15347.731
20200411   15404.365
20200412   15404.365
20200413   15432.683
20200414   15376.049
20200415   15319.415
20200416   15319.415
20200417   15291.098
20200418   15376.049
20200419   15319.415
20200420   15291.098
20200421   15064.563
20200422   14781.395
20200423   14611.493
20200424   14469.909
20200425   14413.275
20200426   14413.275
20200427   14300.008
20200428   14186.741
20200429   14130.107
20200430   14101.790
20200501   14016.840
20200502   13903.572
20200503   13790.305
20200504   13620.404
20200505   13507.137
20200506   13365.553
20200507   13223.968
20200508   13054.067
20200509   12997.434
20200510   12884.166
20200511   12629.314
20200512   12572.681
20200513   12487.729
20200514   12346.146
20200515   12176.245
20200516   12062.978
20200517   12006.344
20200518   11921.393
20200519   11723.175
20200520   11666.541
20200521   11638.225
20200522   11694.858
20200523   11666.541
20200524   11496.641
20200525   11326.739
20200526   11270.105
20200527   11213.472
20200528   11270.105
20200529   11326.739
20200530   11355.056
20200531   11383.373
20200601   11496.641
20200602   11609.907
20200603   11723.175
20200604   11723.175
20200605   11751.492
20200606   11779.809
20200607   11864.760
20200608   11949.710
20200609   12034.660
20200610   12091.294
20200611   12034.660
20200612   11921.393
20200613   11864.760
20200614   11808.126
20200615   11694.858
20200616   11666.541
20200617   11496.641
20200618   11128.521
20200619   10873.670
20200620   10533.867
20200621   10080.798
20200622    9684.362
20200623    9344.560
20200624    8976.440
20200625    8636.639
20200626    8495.055
20200627    8211.886
20200628    7928.717
20200629    7645.549
20200630    7419.014
20200701    7362.380
20200702    7220.796
20200703    7050.895
20200704    6711.093
20200705    6569.509
20200706    6682.776
20200707    7079.212
20200708    7192.479
20200709    7220.796
20200710    7419.014
20200711    7730.500
20200712    7702.183
20200713    7419.014
20200714    7249.113
20200715    7362.380
20200716    6852.677
20200717    6371.291
20200718    6031.489
20200719    5720.003
20200720    5408.518
20200721    5068.716
20200722    4757.230
20200723    4757.230
20200724    4474.062
20200725    4445.745
20200726    4275.844
20200727    4247.527
20200728    4219.210
20200729    4219.210
20200730    4105.943
20200731    3936.042
20200801    4020.992
20200802    4077.626
20200803    4020.992
20200804    3964.359
20200805    4049.309
20200806    3851.091
20200807    3879.408
20200808    4219.210
20200809    4530.696
20200810    4785.547
20200811    5012.082
20200812    5125.350
20200813    4870.498
20200814    4785.547
20200815    4842.181
20200816    4842.181
20200817    4587.330
20200818    4190.894
20200819    4304.161
20200820    4389.111
20200821    4304.161
20200822    3992.676
20200823    3907.725
20200824    3766.141
20200825    3624.557
20200826    3511.289
20200827    4020.992
20200828    4134.260
20200829    3766.141
20200830    3454.656
20200831    3369.705
20200901    3369.705
20200902    3369.705
20200903    3511.289
20200904    3681.190
20200905    4049.309
20200906    4417.428
20200907    4728.914
20200908    4955.448
20200909    5040.399
20200910    4983.765
20200911    5097.033
20200912    5153.667
20200913    5097.033
20200914    5012.082
20200915    4898.815
20200916    4700.597
20200917    4360.794
20200918    4049.309
20200919    3822.774
20200920    3737.824
20200921    4049.309
20200922    4389.111
20200923    4474.062
20200924    4898.815
20200925    5040.399
20200926    5323.567
20200927    5351.884
20200928    5012.082
20200929    4898.815
20200930    4757.230
20201001    4304.161
20201002    3794.458
20201003    3511.289
20201004    3341.388
20201005    3143.170
20201006    2944.952
20201007    2828.853
20201008    2741.071
20201009    3001.586
20201010    4304.161
20201011    5210.300
20201012    4870.498
20201013    4332.478
20201014    4049.309
20201015    3822.774
20201016    3624.557
20201017    3539.606
20201018    3426.339
20201019    3284.754
20201020    3143.170
20201021    2973.269
20201022    2860.002
20201023    2973.269
20201024    2792.041
20201025    2707.091
20201026    2636.299
20201027    2888.319
20201028    2769.388
20201029    2644.794
20201030    2602.318
20201031    2814.695
20201101    3058.219
20201102    3058.219
20201103    3454.656
20201104    3737.824
20201105    3964.359
20201106    4474.062
20201107    4983.765
20201108    5465.152
20201109    5635.053
20201110    5748.320
20201111    5493.469
20201112    5266.934
20201113    4927.131
20201114    4445.745
20201115    4247.527
20201116    3851.091
20201117    3426.339
20201118    3228.121
20201119    3143.170
20201120    3029.903
20201121    2806.200
20201122    3029.903
20201123    3171.487
20201124    3284.754
20201125    3341.388
20201126    3398.022
20201127    3341.388
20201128    3624.557
20201129    3596.240
20201130    3567.923
20201201    3681.190
20201202    3879.408
20201203    3879.408
20201204    4020.992
20201205    4360.794
20201206    4530.696
20201207    4474.062
20201208    4360.794
20201209    4077.626
20201210    4219.210
20201211    4502.379
20201212    4445.745
20201213    4332.478
20201214    4304.161
20201215    4530.696
20201216    4417.428
20201217    4417.428
20201218    4502.379
20201219    4474.062
20201220    4445.745
20201221    4474.062
20201222    4360.794
20201223    4360.794
20201224    4559.013
20201225    4615.646
20201226    4615.646
20201227    4615.646
20201229    4445.745
20201230    4219.210
20201231    4247.527
20210101    4360.794
20210102    4700.597
20210103    4983.765
20210104    5521.785
20210105    6286.340
20210108    7305.747
20210109    7532.282
20210112    8438.421
20210113    8495.055
20210114    8438.421
20210115    8325.153
20210116    8240.203
20210117    8013.668
20210118    7645.549
20210119    7277.430
20210120    6852.677
20210123    6116.439
20210124    5804.954
20210125    5436.835
20210126    5097.033
20210127    4728.914
20210128    4474.062
20210129    4474.062
20210130    4445.745
20210131    4530.696
20210201    4700.597
20210202    4983.765
20210203    5465.152
20210204    5889.904
20210205    6088.123
20210206    6456.241
20210207    6767.727
20210208    6965.945
20210209    7050.895
20210210    7050.895
20210212    7135.846
20210213    7079.212
20210214    6937.628
20210220    5833.271
20210224    5351.884
20210225    5465.152
20210226    5606.736
20210227    5748.320
20210228    5974.855
20210301    6314.657
20210303    7362.380
20210304    7617.232
20210305    8098.619
20210306    8721.589
20210307    9202.976
20210308    9514.461
20210309    9769.312
20210310    9939.214
20210311   10137.432
20210312   10420.600
20210313   10562.185
20210314   10505.551
20210315   10788.719
20210316   10618.818
20210317   10930.304
20210318   11185.155
20210319   11326.739
20210320   11553.274
20210321   11808.126
20210322   11864.760
